編號,土地位置,土地移轉面積平方公尺,使用分區或編定,權利人持分分母,權利人持分分子,移轉情形,地號
The serial number, land position,land shifting area square meter,the use zoning or compiles and checks,,,,land parcel
RPSNMLQJRHIGFBQ07DA,栗子崙段中洲小段,862.37,非都市：一般農業區 ; 非都市編定：農牧用地,1,1,全筆移轉,05360000
RPTNMLRJQHIGFBQ17DA,後崩山段崩山小段,2189.00,非都市：特定農業區 ; 非都市編定：農牧用地,1,1,全筆移轉,04170000
RPTNMLQJRHIGFBQ17DA,栗子崙段東崙小段,1014.60,非都市：一般農業區 ; 非都市編定：農牧用地,1,1,全筆移轉,01440000
RPQNMLTJQHIGFDQ37EA,鹿西段,28.33,都市：其他:住宅區,6,1,持分移轉,02290000
RPQNMLTJQHIGFDQ37EA,鹿西段,62.04,都市：其他:住宅區,6,1,持分移轉,02610000
RPQNMLTJQHIGFDQ37EA,鹿西段,2.68,都市：其他:住宅區,6,1,持分移轉,02620000
RPQNMLTJQHIGFDQ37EA,鹿西段,7.03,都市：其他:住宅區,6,1,持分移轉,02630000
RPQNMLTJQHIGFDQ37EA,鹿西段,.33,都市：其他:道路用地,6,1,持分移轉,02640000
RPTNMLKKQHIGFBQ56DA,大葛段,95.64,非都市：鄉村區 ; 非都市編定：乙種建築用地,1,1,全筆移轉,04650000
RPQNMLTJQHIGFCQ27EA,東勢湖段,241.25,都市：其他:農,4,1,持分移轉,05900000
RPQNMLTJQHIGFCQ27EA,東勢湖段,8.50,都市：其他:農,4,1,持分移轉,05900003
RPSNMLRJQHIGFBQ07DA,鴨母寮段竹村小段,2901.00,非都市：特定農業區 ; 非都市編定：農牧用地,1,1,全筆移轉,09750000
RPPNMLKKQHIGFDQ98DA,鹿西段,28.29,都市：其他:住宅區,1,1,全筆移轉,09310000
RPPNMLKKQHIGFDQ98DA,鹿西段,95.83,都市：其他:住宅區,1,1,全筆移轉,09320000
RPTNMLKKQHIGFCQ66DA,福南段,22.30,都市：其他:住,10000,50,持分移轉,02130000
RPRNMLLKQHIGFBQ09DA,頭竹圍段頭竹小段,1323.00,非都市：特定農業區 ; 非都市編定：農牧用地,1,1,全筆移轉,01770000
RPQNMLKKQHIGFEQ56DA,新美段,14114.00,非都市：山坡地保育區 ; 非都市編定：農牧用地,1,1,全筆移轉,01540005
RPQNMLKKQHIGFEQ56DA,新美段,9706.00,非都市：山坡地保育區 ; 非都市編定：農牧用地,1,1,全筆移轉,01540006
RPQNMLKKQHIGFDQ56EA,後麻段,21.56,非都市：鄉村區 ; 非都市編定：乙種建築用地,155,22,持分移轉,05400000
RPPNMLNKQHIGFBQ09DA,嘉朴段,10.09,都市：其他:第一種住宅區,10000,83,持分移轉,02440000
RPWNMLOKQHIGFDQ47DA,後庄段,78.28,非都市：鄉村區 ; 非都市編定：交通用地,32,21,持分移轉,01140000
RPSNMLPKQHIGFBQ96DA,蘇厝段,17.23,非都市：鄉村區 ; 非都市編定：乙種建築用地,24,10,持分移轉,02200000
RPPNMLOKQHIGFCQ66DA,游厝段游西小段,372.25,非都市：特定農業區 ; 非都市編定：農牧用地,4,1,持分移轉,06510000
RPPNMLRJQHIGFBQ76DA,嘉朴段,11.06,都市：其他:第一種住宅區,10000,154,持分移轉,02350000
RPPNMLTJQHIGFCQ07DA,崙尾段美北小段,2659.00,非都市：特定農業區 ; 非都市編定：農牧用地,1,1,全筆移轉,03770000
RPRNMLPKQHIGFBQ86DA,鰲鼓段,144.00,非都市：鄉村區 ; 非都市編定：乙種建築用地,6,2,持分移轉,03960031
RPRNMLPKQHIGFBQ86DA,鰲鼓段,28.29,非都市：鄉村區 ; 非都市編定：乙種建築用地,24,7,持分移轉,03960102
RPRNMLTJQHIGFDQ37DA,龍潭段,68.48,都市：其他:商業區,1,1,全筆移轉,02980000
RPQNMLRJQHIGFBQ86DA,屯子頭新段,301.92,非都市：鄉村區 ; 非都市編定：乙種建築用地,1,1,全筆移轉,03570009
RPQNMLOKQHIGFBQ66DA,仁和段,1585.54,非都市：特定農業區 ; 非都市編定：農牧用地,1,1,全筆移轉,05760000
RPQNMLPKQHIGFCQ96EA,三村段,185.61,非都市：鄉村區 ; 非都市編定：乙種建築用地,1,1,全筆移轉,03890000
RPTNMLOKQHIGFBQ96DA,屯子頭新段,157.03,非都市：鄉村區 ; 非都市編定：乙種建築用地,100000,7303,持分移轉,03570034
RPRNMLPKQHIGFDQ07DA,隆恩段,479.07,非都市：特定農業區 ; 非都市編定：甲種建築用地,1,1,全筆移轉,06860000
RPRNMLPKQHIGFDQ07DA,隆恩段,539.01,非都市：特定農業區 ; 非都市編定：農牧用地,1,1,全筆移轉,06900000
RPRNMLPKQHIGFDQ07DA,隆恩段,160.05,非都市：特定農業區 ; 非都市編定：甲種建築用地,1,1,全筆移轉,06910000
RPPNMLPKQHIGFEQ96DA,瓦厝埔段,34.00,非都市：一般農業區 ; 非都市編定：丙種建築用地,1,1,全筆移轉,00060001
RPPNMLPKQHIGFEQ96DA,瓦厝埔段,22.00,非都市：一般農業區 ; 非都市編定：丙種建築用地,1,1,全筆移轉,08300007
RPPNMLRKQHIGFCQ96DA,葉子寮段,2083.00,非都市：山坡地保育區 ; 非都市編定：農牧用地,2,1,持分移轉,00150000
RPPNMLRKQHIGFCQ96DA,葉子寮段,23.00,非都市：山坡地保育區 ; 非都市編定：交通用地,2,1,持分移轉,00150008
RPPNMLRKQHIGFEQ27EA,真武段,2.47,都市：其他:住宅區,85500,1250,持分移轉,00490000
RPQNMLRKQHIGFEQ37EA,番子潭段,118.57,非都市：一般農業區 ; 非都市編定：甲種建築用地,21,1,持分移轉,03240001
RPQNMLRKQHIGFEQ37EA,番子潭段,5.67,非都市：一般農業區 ; 非都市編定：甲種建築用地,84,1,持分移轉,03240002
RPRNMLQKQHIGFDQ27EA,後麻段,191.12,非都市：鄉村區 ; 非都市編定：乙種建築用地,20,2,持分移轉,10280000
RPRNMLRKQHIGFBQ07DA,內厝段,103.33,都市：其他:住宅區,3,1,持分移轉,09090000
RPPNMLRKQHIGFDQ07DA,南珠段,23.76,非都市：鄉村區 ; 非都市編定：乙種建築用地,1,1,全筆移轉,00280013
RPQNMLQKQHIGFDQ17EA,三角段,360.86,非都市：鄉村區 ; 非都市編定：乙種建築用地,1,1,全筆移轉,02600000
RPSNMLQKQHIGFDQ37EA,後麻段,33.24,非都市：鄉村區 ; 非都市編定：乙種建築用地,460,8,持分移轉,10280000
RPPNMLTJQHIGFDQ17DA,竹頭崎段,2837.00,非都市：山坡地保育區 ; 非都市編定：農牧用地,1,1,全筆移轉,00330008
RPPNMLTJQHIGFDQ17DA,竹頭崎段,6435.00,非都市：山坡地保育區 ; 非都市編定：農牧用地,1,1,全筆移轉,00330009
RPQNMLOJQHIGFEQ86DA,番路段,875.00,非都市：山坡地保育區 ; 非都市編定：農牧用地,1,1,全筆移轉,00520101
RPQNMLQKQHIGFDQ07DA,下潭段下潭小段,1247.00,非都市：特定農業區 ; 非都市編定：農牧用地,1,1,全筆移轉,02090001
RPRNMLQKQHIGFDQ17DA,下潭段下潭小段,1531.00,非都市：特定農業區 ; 非都市編定：農牧用地,1,1,全筆移轉,02080000
RPRNMLRKQHIGFDQ37EA,竹頭崎段,856.00,非都市：山坡地保育區 ; 非都市編定：丙種建築用地,2,1,持分移轉,00090000
RPPNMLRKQHIGFDQ17EA,後潭段後潭小段,1927.00,非都市：特定農業區 ; 非都市編定：農牧用地,1,1,全筆移轉,05320000
RPPNMLSKQHIGFBQ96DA,新寮段,42.65,都市：其他:道路用地,3,1,持分移轉,05770000
SPPNMLSKQHIGFBQ07DA,新寮段,21.32,都市：其他:道路用地,6,1,持分移轉,05770000
TPPNMLSKQHIGFBQ17DA,新寮段,14.22,都市：其他:道路用地,9,1,持分移轉,05770000
RPVNMLOKQHIGFCQ27DA,崙尾段崙尾小段,388.00,非都市：鄉村區 ; 非都市編定：乙種建築用地,12,2,持分移轉,01550000
RPOOMLPKQHIGFBQ66DA,東後寮段光榮小段,2162.00,非都市：特定農業區 ; 非都市編定：農牧用地,1,1,全筆移轉,00960000
RPQNMLLLQHIGFBQ09DA,溪子下段福安小段,71.67,非都市：一般農業區 ; 非都市編定：農牧用地,6,1,持分移轉,03970005
RPQNMLRKQHIGFDQ17DA,和雲段,161.61,非都市：鄉村區 ; 非都市編定：乙種建築用地,7,1,持分移轉,02360004
RPQNMLRKQHIGFDQ17DA,和雲段,33.11,非都市：鄉村區 ; 非都市編定：乙種建築用地,14,1,持分移轉,02360005
RPPNMLLLQHIGFCQ56EA,西安段,124.00,都市：其他:住,632,124,持分移轉,00900000
RPQNMLKLQHIGFDQ56DA,東新段,22.63,,17,1,持分移轉,01700049
RPTNMLTJQHIGFDQ57DA,仁安段,.16,非都市：一般農業區 ; 非都市編定：水利用地,192630,1765,持分移轉,05950000
RPTOMLSKQHIGFDQ67DA,新番子寮段,136.00,非都市：特定農業區 ; 非都市編定：水利用地,1,1,全筆移轉,17050003
RPSNMLTJQHIGFDQ47DA,仁安段,1.55,非都市：一般農業區 ; 非都市編定：水利用地,32105,2900,持分移轉,05950000
RPWNMLTJQHIGFDQ87DA,仁安段,40.99,非都市：一般農業區 ; 非都市編定：農牧用地,5,1,持分移轉,06870000
RPVNMLTJQHIGFDQ77DA,仁安段,1.61,非都市：一般農業區 ; 非都市編定：水利用地,38526,3600,持分移轉,05950000
RPOOMLTJQHIGFDQ17DA,仁安段,117.96,非都市：一般農業區 ; 非都市編定：水利用地,6,1,持分移轉,06850000
RPXNMLTJQHIGFDQ97DA,仁安段,40.99,非都市：一般農業區 ; 非都市編定：農牧用地,5,1,持分移轉,06870000
SPOOMLTJQHIGFDQ27DA,仁安段,51.55,非都市：一般農業區 ; 非都市編定：農牧用地,24,1,持分移轉,06810000
SPOOMLTJQHIGFDQ27DA,仁安段,47.27,非都市：一般農業區 ; 非都市編定：農牧用地,24,1,持分移轉,06840000
RPQNMLKKQHIGFDQ09DA,仁安段,78.81,非都市：一般農業區 ; 非都市編定：農牧用地,4,1,持分移轉,06150000
RPQNMLKKQHIGFDQ09DA,仁安段,415.97,非都市：一般農業區 ; 非都市編定：農牧用地,4,1,持分移轉,06800000
RPPOMLTJQHIGFDQ27DA,仁安段,235.93,非都市：一般農業區 ; 非都市編定：水利用地,6,2,持分移轉,06850000
RPROMLTJQHIGFDQ47DA,仁安段,51.55,非都市：一般農業區 ; 非都市編定：農牧用地,24,1,持分移轉,06810000
RPSOMLTJQHIGFDQ57DA,仁安段,51.55,非都市：一般農業區 ; 非都市編定：農牧用地,24,1,持分移轉,06810000
RPSOMLTJQHIGFDQ57DA,仁安段,47.27,非都市：一般農業區 ; 非都市編定：農牧用地,24,1,持分移轉,06840000
RPQOMLTJQHIGFDQ37DA,仁安段,154.66,非都市：一般農業區 ; 非都市編定：農牧用地,24,3,持分移轉,06810000
RPQOMLTJQHIGFDQ37DA,仁安段,141.81,非都市：一般農業區 ; 非都市編定：農牧用地,24,3,持分移轉,06840000
RPROMLTJQHIGFDQ47DA,仁安段,47.27,非都市：一般農業區 ; 非都市編定：農牧用地,24,1,持分移轉,06840000
RPTOMLTJQHIGFDQ67DA,仁安段,51.55,非都市：一般農業區 ; 非都市編定：農牧用地,24,1,持分移轉,06810000
RPTOMLTJQHIGFDQ67DA,仁安段,47.27,非都市：一般農業區 ; 非都市編定：農牧用地,24,1,持分移轉,06840000
RPWOMLTJQHIGFDQ97DA,仁安段,77.33,非都市：一般農業區 ; 非都市編定：農牧用地,48,3,持分移轉,06810000
RPWOMLTJQHIGFDQ97DA,仁安段,70.90,非都市：一般農業區 ; 非都市編定：農牧用地,48,3,持分移轉,06840000
RPUOMLTJQHIGFDQ77DA,仁安段,51.55,非都市：一般農業區 ; 非都市編定：農牧用地,24,1,持分移轉,06810000
RPUOMLTJQHIGFDQ77DA,仁安段,47.27,非都市：一般農業區 ; 非都市編定：農牧用地,24,1,持分移轉,06840000
RPVOMLTJQHIGFDQ87DA,仁安段,51.55,非都市：一般農業區 ; 非都市編定：農牧用地,24,1,持分移轉,06810000
RPVOMLTJQHIGFDQ87DA,仁安段,47.27,非都市：一般農業區 ; 非都市編定：農牧用地,24,1,持分移轉,06840000
RPXOMLTJQHIGFDQ08DA,仁安段,77.33,非都市：一般農業區 ; 非都市編定：農牧用地,16,1,持分移轉,06810000
RPXOMLTJQHIGFDQ08DA,仁安段,70.90,非都市：一般農業區 ; 非都市編定：農牧用地,16,1,持分移轉,06840000
RPOPMLTJQHIGFDQ27DA,仁安段,618.63,非都市：一般農業區 ; 非都市編定：農牧用地,16,8,持分移轉,06810000
RPOPMLTJQHIGFDQ27DA,仁安段,567.24,非都市：一般農業區 ; 非都市編定：農牧用地,16,8,持分移轉,06840000
RPPPMLTJQHIGFDQ37DA,仁安段,157.63,非都市：一般農業區 ; 非都市編定：農牧用地,2,1,持分移轉,06150000
RPPPMLTJQHIGFDQ37DA,仁安段,831.95,非都市：一般農業區 ; 非都市編定：農牧用地,2,1,持分移轉,06800000
RPPNMLMLQHIGFCQ66EA,甘蔗崙段甘蔗崙小段,300.00,都市：其他:住,1,1,全筆移轉,01350000
RPPNMLMLQHIGFCQ66EA,甘蔗崙段甘蔗崙小段,1318.00,都市：其他:住,1,1,全筆移轉,01350001
RPPNMLMLQHIGFCQ66EA,甘蔗崙段甘蔗崙小段,1019.00,,1,1,全筆移轉,01350002
RPRNMLLLQHIGFDQ86EA,嘉新段,89.72,,96,35,持分移轉,12460000
RPQNMLLLQHIGFDQ76EA,嘉新段,28.20,,96,11,持分移轉,12460000
RPRNMLSKQHIGFBQ17DA,牛挑灣段松梅小段,19.33,非都市：鄉村區 ; 非都市編定：交通用地,6,1,持分移轉,13630000
RPRNMLSKQHIGFBQ17DA,牛挑灣段松梅小段,357.50,非都市：鄉村區 ; 非都市編定：乙種建築用地,6,1,持分移轉,13640000
RPRNMLSKQHIGFBQ17DA,牛挑灣段松梅小段,95.00,非都市：鄉村區 ; 非都市編定：乙種建築用地,12,1,持分移轉,13680000
RPUNMLMLQHIGFCQ07DA,排子路段排子路小段,1240.50,非都市：特定農業區 ; 非都市編定：農牧用地,2,1,持分移轉,09130001
RPPNMLQKQHIGFBQ76DA,崁前段崁前小段,10.94,非都市：鄉村區 ; 非都市編定：乙種建築用地,1,1,全筆移轉,00300024
RPRNMLMLQHIGFCQ76DA,新庄段,101.42,都市：其他:農,1,1,全筆移轉,19040000
RPXNMLPKQHIGFBQ47DA,六腳段六嘉小段,187.33,非都市：特定農業區 ; 非都市編定：甲種建築用地,6,1,持分移轉,01290000
RPXNMLPKQHIGFBQ47DA,六腳段六嘉小段,202.50,非都市：特定農業區 ; 非都市編定：農牧用地,4,1,持分移轉,01300000
RPSNMLLKQHIGFBQ56DA,崁前段崁前小段,289.00,非都市：鄉村區 ; 非都市編定：乙種建築用地,1,1,全筆移轉,00300018
RPSNMLLKQHIGFBQ56DA,崁前段崁前小段,76.72,非都市：鄉村區 ; 非都市編定：乙種建築用地,540,30,持分移轉,00300019
RPRNMLMLQHIGFDQ96EA,竹頭崎段,3870.00,非都市：一般農業區 ; 非都市編定：農牧用地,1,1,全筆移轉,02950000
RPSNMLLLQHIGFDQ96EA,嘉新段,28.20,,96,11,持分移轉,12460000
RPQNMLNLQHIGFBQ66DA,新寮段,35.54,都市：其他:道路用地,18,5,持分移轉,05770000
RPTNMLLLQHIGFDQ07EA,嘉新段,17.94,,96,7,持分移轉,12460000
RPPNMLMLQHIGFEQ76DA,大湖段,460.67,非都市：森林區 ; 非都市編定：農牧用地,6,2,持分移轉,00880001
RPPNMLMLQHIGFEQ76DA,大湖段,2735.33,非都市：森林區 ; 非都市編定：農牧用地,6,2,持分移轉,00880006
RPPNMLMLQHIGFEQ76DA,大湖段,1818.33,非都市：森林區 ; 非都市編定：農牧用地,6,2,持分移轉,00880011
RPPNMLMLQHIGFEQ76DA,大湖段,906.67,非都市：森林區 ; 非都市編定：農牧用地,6,2,持分移轉,00880012
RPPNMLMLQHIGFEQ76DA,大湖段,1130.00,非都市：森林區 ; 非都市編定：農牧用地,6,2,持分移轉,00880013
RPPNMLMLQHIGFEQ76DA,大湖段,2272.67,非都市：森林區 ; 非都市編定：農牧用地,6,2,持分移轉,00880026
RPPNMLMLQHIGFEQ76DA,大湖段,2215.67,非都市：森林區 ; 非都市編定：農牧用地,6,2,持分移轉,00880027
RPQNMLOLQHIGFCQ96EA,民北段,44.50,都市：其他:農業區,1,1,全筆移轉,00770003
RPSNMLPKQHIGFDQ17DA,凍子脚段,6159.00,非都市：山坡地保育區 ; 非都市編定：農牧用地,1,1,全筆移轉,00790001
RPQNMLMLQHIGFDQ76DA,忠義段,121.07,都市：其他:住宅區,1,1,全筆移轉,12360000
RPUNMLKKQHIGFDQ86DA,仁安段,502.76,非都市：河川區 ; 非都市編定：農牧用地,12,4,持分移轉,07170000
SPUNMLKKQHIGFDQ96DA,仁安段,3.20,非都市：一般農業區 ; 非都市編定：水利用地,12,1,持分移轉,07190000
RPSNMLKKQHIGFDQ66DA,仁安段,2976.27,非都市：一般農業區 ; 非都市編定：農牧用地,1,1,全筆移轉,06120000
RPTNMLKKQHIGFDQ76DA,仁安段,46.86,非都市：河川區 ; 非都市編定：農牧用地,18,1,持分移轉,06940000
RPRNMLKKQHIGFDQ56DA,仁安段,78.81,非都市：一般農業區 ; 非都市編定：農牧用地,4,1,持分移轉,06150000
RPTNMLKKQHIGFDQ76DA,仁安段,199.60,非都市：河川區 ; 非都市編定：農牧用地,18,1,持分移轉,06940001
RPRNMLKKQHIGFDQ56DA,仁安段,415.97,非都市：一般農業區 ; 非都市編定：農牧用地,4,1,持分移轉,06800000
TPUNMLKKQHIGFDQ07DA,仁安段,.15,非都市：一般農業區 ; 非都市編定：農牧用地,6,2,持分移轉,07340000
RPXNMLKKQHIGFDQ17DA,仁安段,377.07,非都市：河川區 ; 非都市編定：農牧用地,4,1,持分移轉,07170000
RPWNMLKKQHIGFDQ07DA,仁安段,471.53,非都市：一般農業區 ; 非都市編定：水利用地,54,46,持分移轉,07160000
SPXNMLKKQHIGFDQ27DA,仁安段,421.71,非都市：一般農業區 ; 非都市編定：水利用地,4,1,持分移轉,07180000
SPXNMLKKQHIGFDQ27DA,仁安段,9.60,非都市：一般農業區 ; 非都市編定：水利用地,4,1,持分移轉,07190000
RPOOMLKKQHIGFDQ98DA,仁安段,46.86,非都市：河川區 ; 非都市編定：農牧用地,18,1,持分移轉,06940000
RPOOMLKKQHIGFDQ98DA,仁安段,199.60,非都市：河川區 ; 非都市編定：農牧用地,18,1,持分移轉,06940001
RPQNMLNLQHIGFDQ96EA,祥和段,80.97,都市：其他:住宅區,1,1,全筆移轉,12010000
RPRNMLNLQHIGFBQ76DA,九江段,4.12,都市：其他:商業區,288,7,持分移轉,06050000
RPWNMLOLQHIGFBQ37DA,港尾寮新段,271.28,非都市：鄉村區 ; 非都市編定：乙種建築用地,270,77,持分移轉,01460000
RPPNMLPLQHIGFBQ76DA,東岑段,14.88,非都市：鄉村區 ; 非都市編定：乙種建築用地,1,1,全筆移轉,09330000
RPPNMLPLQHIGFBQ76DA,東岑段,28.45,非都市：鄉村區 ; 非都市編定：乙種建築用地,1,1,全筆移轉,10710000
RPPNMLPLQHIGFBQ76DA,東岑段,13.91,非都市：鄉村區 ; 非都市編定：乙種建築用地,1,1,全筆移轉,10720000
RPQNMLPLQHIGFBQ86DA,過溝新段,4252.62,非都市：一般農業區 ; 非都市編定：養殖用地,1,1,全筆移轉,10310000
RPQNMLPLQHIGFBQ86DA,過溝新段,2112.65,非都市：一般農業區 ; 非都市編定：養殖用地,1,1,全筆移轉,10330000
RPQNMLPLQHIGFBQ86DA,過溝新段,2113.05,非都市：一般農業區 ; 非都市編定：養殖用地,1,1,全筆移轉,10340000
RPPNMLOLQHIGFEQ96DA,大坪段,3266.00,非都市：山坡地保育區 ; 非都市編定：農牧用地,1,1,全筆移轉,00400016
RPOOMLPKQHIGFCQ76DA,潭底段潭底小段,27.43,都市：其他:住,100000,724,持分移轉,00610000
RPPNMLOLQHIGFCQ76DA,古民段新民小段,180.00,都市：其他:住,1,1,全筆移轉,06680021
RPQNMLOLQHIGFDQ07EA,白芒埔段,839.00,非都市：山坡地保育區 ; 非都市編定：農牧用地,1,1,全筆移轉,02620004
RPSNMLOKQHIGFCQ96DA,月眉潭段眉潭小段,3136.00,非都市：特定農業區 ; 非都市編定：農牧用地,1,1,全筆移轉,05660000
RPPNMLSLQHIGFCQ27EA,新大埔美段,10.90,非都市：鄉村區 ; 非都市編定：乙種建築用地,126144,504,持分移轉,24130000
RPPNMLPLQHIGFEQ07DA,內甕段,5.65,都市：其他:住宅區,10000,10,持分移轉,00970009
RPPNMLPLQHIGFEQ07DA,內甕段,.27,都市：其他:保護區,10000,10,持分移轉,00970043
SPPNMLSLQHIGFCQ37EA,新大埔美段,.80,非都市：鄉村區 ; 非都市編定：乙種建築用地,1525824,6048,持分移轉,24120000
RPQNMLSLQHIGFCQ37EA,溪口段溪口小段,873.00,都市：其他:農,3,1,持分移轉,04610000
RPRNMLSLQHIGFCQ47EA,溪口段後港小段,926.25,非都市：特定農業區 ; 非都市編定：農牧用地,4,1,持分移轉,08820000
RPRNMLSLQHIGFCQ47EA,溪口段後港小段,82.50,非都市：特定農業區 ; 非都市編定：農牧用地,4,1,持分移轉,08820001
RPTNMLOLQHIGFBQ07DA,新厝段,66.24,都市：其他:商業區,1,1,全筆移轉,02750003
RPTNMLOLQHIGFBQ07DA,新厝段,.87,都市：其他:商業區,1,1,全筆移轉,02770009
RPXNMLMLQHIGFBQ27DA,頂揖子寮段頂揖小段,1116.00,非都市：一般農業區 ; 非都市編定：農牧用地,1,1,全筆移轉,01250000
RPPNMLRLQHIGFCQ07DA,中樂段,24.29,都市：其他:住,81945,878,持分移轉,06920000
RPPNMLSKQHIGFCQ07DA,菜公厝段咬竹小段,3159.00,非都市：特定農業區 ; 非都市編定：農牧用地,1,1,全筆移轉,01810000
RPPNMLSLQHIGFCQ17DA,民北段,17.70,都市：其他:住,30,3,持分移轉,08530000
RPPNMLSLQHIGFCQ17DA,民北段,86.00,都市：其他:住,1,1,全筆移轉,08550000
RPPNMLTLQHIGFEQ57EA,生毛樹段,1243.00,非都市：風景區 ; 非都市編定：農牧用地,1,1,全筆移轉,14060004
RPTNMLSLQHIGFCQ67EA,明華段,42.00,非都市：特定農業區 ; 非都市編定：農牧用地,1,1,全筆移轉,10700002
RPPNMLPLQHIGFDQ07EA,和睦段,2131.35,都市：其他:農業區,1,1,全筆移轉,04900000
RPQNMLMLQHIGFEQ86DA,內甕段,496.00,都市：其他:保護區,1,1,全筆移轉,03640026
RPQNMLMLQHIGFEQ86DA,內甕段,558.00,,1,1,全筆移轉,03640028
RPPNMLKMQHIGFEQ76EA,內埔子段,131.33,非都市：山坡地保育區 ; 非都市編定：丙種建築用地,3,1,持分移轉,15710006
RPPNMLTLQHIGFDQ47EA,吳鳳廟段,108.02,都市：其他:農業區,1,1,全筆移轉,00130001
RPTNMLSLQHIGFBQ47DA,栗子崙段東崙小段,185.75,非都市：鄉村區 ; 非都市編定：乙種建築用地,1,1,全筆移轉,07250002
RPPNMLKMQHIGFBQ98DA,崙子段崙陽小段,1126.00,非都市：特定農業區 ; 非都市編定：農牧用地,1,1,全筆移轉,03110000
RPUNMLOLQHIGFBQ17DA,南勢竹段南竹小段,1323.00,非都市：特定農業區 ; 非都市編定：農牧用地,2,1,持分移轉,00940000
RPPNMLNLQHIGFBQ56DA,後崩山段,2022.61,非都市：一般農業區 ; 非都市編定：農牧用地,2,1,持分移轉,05020022
RPVNMLOLQHIGFBQ27DA,栗子崙段中洲小段,1598.00,非都市：一般農業區 ; 非都市編定：農牧用地,1,1,全筆移轉,03670000
RPQNMLMLQHIGFCQ66DA,上崙段妙崙小段,1510.00,非都市：特定農業區 ; 非都市編定：農牧用地,1,1,全筆移轉,00380000
RPSNMLMLQHIGFCQ86DA,崙尾段美南小段,1728.00,非都市：特定農業區 ; 非都市編定：農牧用地,1,1,全筆移轉,02980000
RPVNMLMLQHIGFCQ17DA,頂坪段下坪小段,3720.00,非都市：特定農業區 ; 非都市編定：農牧用地,1,1,全筆移轉,02190000
RPQNMLLMQHIGFBQ56DA,新民段,178.17,非都市：特定專用區 ; 非都市編定：養殖用地,1,1,全筆移轉,05040000
RPQNMLLMQHIGFBQ56DA,新民段,48.95,非都市：特定專用區 ; 非都市編定：甲種建築用地,1,1,全筆移轉,05150001
RPPNMLLJRHIGFBQ88DA,灣內段灣內小段,2057.00,非都市：特定農業區 ; 非都市編定：農牧用地,1,1,全筆移轉,09760000
RPRNMLKMQHIGFEQ96EA,和平段,11606.00,都市：其他:農業區,1,1,全筆移轉,11590000
RPQNMLLJRHIGFEQ76EA,生毛樹段,1098.00,非都市：森林區 ; 非都市編定：農牧用地,1,1,全筆移轉,04820000
RPUNMLLJRHIGFEQ17EA,木柵寮段,1291.37,非都市：山坡地保育區 ; 非都市編定：農牧用地,1,1,全筆移轉,05380000
RPPNMLLJRHIGFDQ56EA,忠義段,224.79,都市：其他:住宅區,1,1,全筆移轉,16670000
RPQNMLKMQHIGFCQ66EA,崙尾段崙尾小段,231.67,非都市：鄉村區 ; 非都市編定：乙種建築用地,4800,204,持分移轉,01590000
RPPNMLKMQHIGFCQ56EA,陳厝寮段,18.70,都市：其他:住,10000,1385,持分移轉,01180000
RPPNMLKMQHIGFCQ56EA,陳厝寮段,88.00,都市：其他:道路,10000,2493,持分移轉,01180005
RPPNMLKMQHIGFCQ56EA,陳厝寮段,58.31,都市：其他:住,10000,1385,持分移轉,01180006
RPPNMLLLQHIGFDQ56DA,安仁段,6.21,非都市：鄉村區 ; 非都市編定：乙種建築用地,10000,24,持分移轉,03500000
RPPNMLLLQHIGFDQ56DA,安仁段,1.87,非都市：鄉村區 ; 非都市編定：乙種建築用地,10000,24,持分移轉,03510000
RPPNMLLMQHIGFCQ66EA,福興段,2368.53,非都市：一般農業區 ; 非都市編定：農牧用地,1,1,全筆移轉,09850000
RPPNMLKMQHIGFDQ56DA,和溪段,3621.47,非都市：特定農業區 ; 非都市編定：農牧用地,1,1,全筆移轉,01190000
RPSNMLPLQHIGFDQ27DA,過溝段過溝小段,31.00,都市：其他:住宅區,1,1,全筆移轉,06350036
RPRNMLMLQHIGFDQ86DA,義興段,1688.33,非都市：特定農業區 ; 非都市編定：農牧用地,1,1,全筆移轉,13010000
RPPNMLLJRHIGFBQ98EA,永安段,410.45,都市：其他:農業區,1,1,全筆移轉,01440000
RPPNMLLJRHIGFBQ98EA,永安段,142.69,都市：其他:農業區,1,1,全筆移轉,01460000
RPPNMLPKQHIGFDQ86DA,新舊埤段,62.63,非都市：鄉村區 ; 非都市編定：乙種建築用地,120,5,持分移轉,08680000
RPPNMLPKQHIGFDQ86DA,新舊埤段,30.46,非都市：鄉村區 ; 非都市編定：乙種建築用地,120,5,持分移轉,08700000
RPPNMLSKQHIGFEQ27DA,五間厝段,105.31,非都市：鄉村區 ; 非都市編定：乙種建築用地,1,1,全筆移轉,07520000
RPPNMLMKQHIGFDQ56DA,龜佛山段重劃小段,2500.00,非都市：特定農業區 ; 非都市編定：農牧用地,1,1,全筆移轉,06660000
RPQNMLMKQHIGFDQ66DA,龜佛山段重劃小段,2500.00,非都市：特定農業區 ; 非都市編定：農牧用地,1,1,全筆移轉,06650000
RPSNMLSLQHIGFBQ37DA,頂東石段黎明小段,208.95,非都市：特定專用區 ; 非都市編定：甲種建築用地,1,1,全筆移轉,00750008
RPPNMLPJRHIGFBQ66DA,新生段,101.25,都市：其他:住宅區,1,1,全筆移轉,00670078
RPPNMLPJRHIGFBQ66DA,新生段,101.25,都市：其他:住宅區,1,1,全筆移轉,00670079
RPPNMLOLQHIGFBQ66DA,溪子下段福安小段,2825.40,非都市：一般農業區 ; 非都市編定：農牧用地,1,1,全筆移轉,04560000
RPRNMLOJRHIGFCQ86DA,菁埔段菁埔小段,2336.00,非都市：特定農業區 ; 非都市編定：農牧用地,1,1,全筆移轉,10690000
RPQNMLPLQHIGFCQ96DA,好收段好收小段,340.33,都市：其他:工（乙）,12,1,持分移轉,07400000
RPRNMLSLQHIGFCQ37DA,民工段,81.00,都市：其他:住,1,1,全筆移轉,03820001
RPPNMLQLQHIGFCQ96DA,建國段,62.00,非都市：鄉村區 ; 非都市編定：乙種建築用地,1,1,全筆移轉,10060000
RPTNMLTLQHIGFCQ67DA,東榮段,18.15,都市：其他:商,10000,195,持分移轉,03490000
RPTNMLLJRHIGFBQ66DA,嘉朴段,10.12,都市：其他:第一種住宅區,10000,141,持分移轉,02350000
RPSNMLOLQHIGFBQ96DA,嘉朴段,5.87,都市：其他:住宅區,100000,102,持分移轉,02620000
RPQNMLOLQHIGFDQ96DA,石硦段,1000.00,非都市：山坡地保育區 ; 非都市編定：林業用地,18602,1000,持分移轉,01200054
RPQOMLMLQHIGFDQ86DA,石硦段,1250.00,非都市：山坡地保育區 ; 非都市編定：農牧用地,2,1,持分移轉,00610018
SPRNMLNLQHIGFDQ07DA,溪安段,2716.95,非都市：特定專用區 ; 非都市編定：特定目的事業用地,5,1,持分移轉,11160000
RPRNMLNLQHIGFDQ96DA,溪安段,408.09,非都市：特定專用區 ; 非都市編定：特定目的事業用地,25000,751,持分移轉,11160000
RPXNMLMLQHIGFDQ47DA,東勢寮段東勢小段,169.50,都市：其他:商業區,6,1,持分移轉,02850000
RPXNMLMLQHIGFDQ47DA,東勢寮段東勢小段,8.17,,6,1,持分移轉,02850001
RPUNMLMLQHIGFDQ17DA,隆興段,2.78,,1,1,全筆移轉,09970001
RPUNMLMLQHIGFDQ17DA,隆興段,1.81,,1,1,全筆移轉,09980001
RPUNMLMLQHIGFDQ17DA,隆興段,1.52,,1,1,全筆移轉,10010001
RPQNMLKKQHIGFBQ88DA,六斗尾段六斗小段,1845.00,非都市：特定農業區 ; 非都市編定：農牧用地,1,1,全筆移轉,00050001
RPWNMLLJRHIGFEQ37EA,生毛樹段,887.00,非都市：森林區 ; 非都市編定：農牧用地,1,1,全筆移轉,04110000
RPWNMLLJRHIGFEQ37EA,生毛樹段,3726.00,非都市：森林區 ; 非都市編定：農牧用地,1,1,全筆移轉,04190000
RPWNMLLJRHIGFEQ37EA,生毛樹段,1597.00,非都市：森林區 ; 非都市編定：農牧用地,1,1,全筆移轉,04190002
RPWNMLLJRHIGFEQ37EA,生毛樹段,2751.00,非都市：森林區 ; 非都市編定：農牧用地,1,1,全筆移轉,04190003
RPPNMLQJRHIGFEQ07DA,內埔子段,1644.00,非都市：山坡地保育區 ; 非都市編定：農牧用地,1,1,全筆移轉,00860000
RPPNMLQJRHIGFEQ07DA,內埔子段,223.00,非都市：山坡地保育區 ; 非都市編定：丙種建築用地,1,1,全筆移轉,00860002
RPPNMLQJRHIGFEQ07DA,內埔子段,628.00,非都市：山坡地保育區 ; 非都市編定：農牧用地,1,1,全筆移轉,00880001
RPPNMLQJRHIGFEQ07DA,內埔子段,446.00,非都市：山坡地保育區 ; 非都市編定：農牧用地,1,1,全筆移轉,00900000
RPPNMLQJRHIGFEQ07DA,內埔子段,868.00,非都市：山坡地保育區 ; 非都市編定：丙種建築用地,1,1,全筆移轉,14300000
RPPNMLQJRHIGFEQ07DA,內埔子段,3000.00,非都市：山坡地保育區 ; 非都市編定：農牧用地,1,1,全筆移轉,14300001
RPPNMLQJRHIGFEQ07DA,內埔子段,131.28,非都市：山坡地保育區 ; 非都市編定：林業用地,600,31,持分移轉,14350000
RPSNMLKMQHIGFDQ86DA,鹿南段,90.75,都市：其他:住宅區,1,1,全筆移轉,04700039
RPSNMLKMQHIGFDQ86DA,鹿南段,30.16,都市：其他:住宅區,7,1,持分移轉,05460000
RPPNMLQJRHIGFBQ86EA,牛挑灣段松梅小段,2.67,非都市：鄉村區 ; 非都市編定：乙種建築用地,60,4,持分移轉,12300000
RPPNMLQJRHIGFBQ86EA,牛挑灣段松梅小段,179.20,非都市：鄉村區 ; 非都市編定：乙種建築用地,50,4,持分移轉,12800000
RPPNMLQJRHIGFBQ86EA,牛挑灣段松梅小段,616.27,非都市：特定農業區 ; 非都市編定：農牧用地,40,9,持分移轉,12860000
RPPNMLSLQHIGFDQ27DA,金蘭段,148.88,非都市：鄉村區 ; 非都市編定：乙種建築用地,1,1,全筆移轉,01230000
RPQNMLTLQHIGFCQ47EA,北斗段,156.59,,1,1,全筆移轉,00130001
RPPNMLQJRHIGFEQ17EA,梅南段,87.50,都市：住,1,1,全筆移轉,13150016
RPQNMLPJRHIGFCQ96EA,豐收段,1410.22,都市：其他:農,3,1,持分移轉,04220000
RPSNMLPJRHIGFBQ96DA,頂東石段黎明小段,203.16,非都市：特定專用區 ; 非都市編定：甲種建築用地,1,1,全筆移轉,00950003
RPPNMLLMQHIGFBQ09DA,嘉塭段,104.52,非都市：特定專用區 ; 非都市編定：甲種建築用地,1,1,全筆移轉,06240000
RPPNMLQJRHIGFBQ76DA,頂東石段黎明小段,331.49,非都市：特定專用區 ; 非都市編定：甲種建築用地,1,1,全筆移轉,00330000
RPPNMLQJRHIGFBQ76DA,頂東石段黎明小段,331.48,非都市：特定專用區 ; 非都市編定：甲種建築用地,1,1,全筆移轉,00330007
RPQNMLTLQHIGFCQ37DA,疊溪段,171.55,非都市：鄉村區 ; 非都市編定：乙種建築用地,1,1,全筆移轉,07690000
RPQNMLQJRHIGFCQ96DA,柴林脚段,386.33,非都市：鄉村區 ; 非都市編定：乙種建築用地,3,1,持分移轉,01580003
RPQNMLKKPHIGFEQ56EA,梅南段,129.00,都市：住,1,1,全筆移轉,10310016
RPPNMLKKPHIGFEQ09EA,梅南段,118.00,都市：住,1,1,全筆移轉,10310014
RPRNMLQJRHIGFBQ96DA,北港子新段,369.48,非都市：特定專用區 ; 非都市編定：養殖用地,6,1,持分移轉,06850000
RPSNMLKKPHIGFEQ76EA,梅南段,111.00,都市：住,1,1,全筆移轉,10310011
RPRNMLKKPHIGFEQ66EA,梅南段,111.00,都市：住,1,1,全筆移轉,10310013
RPUNMLKKPHIGFEQ96EA,梅南段,111.00,都市：住,1,1,全筆移轉,10310012
RPVNMLKKPHIGFEQ07EA,梅南段,103.00,都市：住,1,1,全筆移轉,10310010
RPTNMLKKPHIGFEQ86EA,梅南段,141.00,都市：住,1,1,全筆移轉,10310015
RPWNMLKKPHIGFEQ17EA,梅南段,111.00,都市：住,1,1,全筆移轉,10310009
RPQNMLLKPHIGFBQ88DA,圍潭段圍潭小段,162.62,非都市：鄉村區 ; 非都市編定：乙種建築用地,8,1,持分移轉,03500000
RPSOMLKKPHIGFCQ56DA,溝背段,135.19,非都市：鄉村區 ; 非都市編定：乙種建築用地,78,3,持分移轉,01400000
RPQNMLLKPHIGFCQ09EA,牛斗山段,1710.00,非都市：特定農業區 ; 非都市編定：農牧用地,1,1,全筆移轉,07780000
RPQNMLLKPHIGFCQ09EA,牛斗山段,2284.00,非都市：特定農業區 ; 非都市編定：農牧用地,1,1,全筆移轉,07790000
RPPNMLKKPHIGFBQ68DA,朴工段,83.00,非都市：工業區 ; 非都市編定：丁種建築用地,1,1,全筆移轉,00160000
RPPNMLLKPHIGFEQ56EA,樂野段,27.27,非都市：山坡地保育區 ; 非都市編定：農牧用地,11,1,持分移轉,07190000
RPPNMLLKPHIGFEQ56EA,樂野段,213.64,非都市：山坡地保育區 ; 非都市編定：農牧用地,11,1,持分移轉,07320000
RPPNMLMKPHIGFDQ56EA,義興段,6.31,非都市：鄉村區 ; 非都市編定：乙種建築用地,3,1,持分移轉,11320001
RPOOMLNJPHIGFBQ88DA,過路子段過路小段,410.50,非都市：鄉村區 ; 非都市編定：乙種建築用地,8,2,持分移轉,06300000
RPPNMLLJPHIGFDQ88DA,龍德段,111.86,非都市：鄉村區 ; 非都市編定：乙種建築用地,1,1,全筆移轉,14430000
RPTNMLLKPHIGFDQ76DA,溪安段,9917.40,非都市：特定專用區 ; 非都市編定：特定目的事業用地,100000,73004,持分移轉,11160000
RPTNMLMKPHIGFDQ86DA,新三界埔段,17.52,非都市：特定農業區 ; 非都市編定：甲種建築用地,1,1,全筆移轉,02760000
RPQNMLOKPHIGFBQ56DA,和順段,104.62,非都市：鄉村區 ; 非都市編定：乙種建築用地,45,3,持分移轉,11560000
RPQNMLNKPHIGFEQ86EA,番路段,3223.00,非都市：一般農業區 ; 非都市編定：丙種建築用地,1,1,全筆移轉,02560000
RPRNMLNKPHIGFEQ96EA,番路段,331.00,非都市：一般農業區 ; 非都市編定：丙種建築用地,1,1,全筆移轉,02560012
RPVQMLRKPHIGFCQ87EA,雙援段何厝小段,56.00,非都市：特定農業區 ; 非都市編定：農牧用地,1,1,全筆移轉,03420002
RPWQMLRKPHIGFCQ97EA,雙援段何厝小段,202.00,非都市：特定農業區 ; 非都市編定：農牧用地,1,1,全筆移轉,03480002
RPXQMLRKPHIGFCQ08EA,雙援段,8.28,非都市：特定農業區 ; 非都市編定：農牧用地,1,1,全筆移轉,03310003
RPORMLRKPHIGFCQ27EA,雙援段何厝小段,12.54,非都市：特定農業區 ; 非都市編定：農牧用地,5227,1261,持分移轉,03500001
RPSNMLRKPHIGFCQ27EA,雙援段,114.50,非都市：特定農業區 ; 非都市編定：農牧用地,2,1,持分移轉,00740025
RPUNMLRKPHIGFCQ47EA,雙援段,21.75,非都市：特定農業區 ; 非都市編定：農牧用地,1004,260,持分移轉,00740027
RPUNMLRKPHIGFCQ47EA,雙援段,9.00,非都市：特定農業區 ; 非都市編定：甲種建築用地,2,1,持分移轉,00870011
RPUNMLRKPHIGFCQ47EA,雙援段,1.25,非都市：特定農業區 ; 非都市編定：甲種建築用地,8,1,持分移轉,00870012
RPUNMLRKPHIGFCQ47EA,雙援段,17.00,非都市：特定農業區 ; 非都市編定：甲種建築用地,2,1,持分移轉,00870013
RPTNMLRKPHIGFCQ37EA,雙援段,648.63,非都市：特定農業區 ; 非都市編定：農牧用地,7779,6519,持分移轉,00740026
RPTNMLRKPHIGFCQ37EA,雙援段,62.25,非都市：特定農業區 ; 非都市編定：農牧用地,1004,744,持分移轉,00740027
RPVNMLRKPHIGFCQ57EA,雙援段,205.00,非都市：特定農業區 ; 非都市編定：農牧用地,1,1,全筆移轉,00770020
RPWNMLRKPHIGFCQ67EA,雙援段,1072.00,非都市：特定農業區 ; 非都市編定：農牧用地,1,1,全筆移轉,01160014
RPXNMLRKPHIGFCQ77EA,雙援段,125.37,非都市：特定農業區 ; 非都市編定：農牧用地,7779,1260,持分移轉,00740026
RPOOMLRKPHIGFCQ96EA,雙援段,112.00,非都市：特定農業區 ; 非都市編定：農牧用地,1,1,全筆移轉,00740028
RPPOMLRKPHIGFCQ07EA,雙援段,9.00,非都市：特定農業區 ; 非都市編定：甲種建築用地,2,1,持分移轉,00870011
RPPOMLRKPHIGFCQ07EA,雙援段,1.25,非都市：特定農業區 ; 非都市編定：甲種建築用地,8,1,持分移轉,00870012
RPPOMLRKPHIGFCQ07EA,雙援段,17.00,非都市：特定農業區 ; 非都市編定：甲種建築用地,2,1,持分移轉,00870013
RPQQMLRKPHIGFCQ37EA,雙援段,69.30,非都市：特定農業區 ; 非都市編定：農牧用地,10,7,持分移轉,01000003
RPRPMLRKPHIGFCQ37EA,雙援段,9.00,非都市：特定農業區 ; 非都市編定：甲種建築用地,1,1,全筆移轉,00930012
RPSPMLRKPHIGFCQ47EA,雙援段,4.33,非都市：特定農業區 ; 非都市編定：甲種建築用地,3,1,持分移轉,00930013
RPQPMLRKPHIGFCQ27EA,雙援段,42.00,非都市：特定農業區 ; 非都市編定：甲種建築用地,1,1,全筆移轉,00930010
RPTPMLRKPHIGFCQ57EA,雙援段,4.33,非都市：特定農業區 ; 非都市編定：甲種建築用地,3,1,持分移轉,00930013
RPUPMLRKPHIGFCQ67EA,雙援段,8.00,非都市：特定農業區 ; 非都市編定：甲種建築用地,1,1,全筆移轉,00930014
RPVPMLRKPHIGFCQ77EA,雙援段,115.00,非都市：特定農業區 ; 非都市編定：農牧用地,1,1,全筆移轉,00980003
RPWPMLRKPHIGFCQ87EA,雙援段,115.00,非都市：特定農業區 ; 非都市編定：農牧用地,1,1,全筆移轉,00980004
RPOQMLRKPHIGFCQ17EA,雙援段,202.41,非都市：特定農業區 ; 非都市編定：農牧用地,3652,1600,持分移轉,00990001
RPXPMLRKPHIGFCQ97EA,雙援段,170.00,非都市：特定農業區 ; 非都市編定：農牧用地,1,1,全筆移轉,00980005
RPTNMLOKPHIGFDQ07DA,三和段,34.87,都市：其他:農業區,1,1,全筆移轉,14810000
RPUNMLOKPHIGFDQ17DA,新三界埔段,22.76,非都市：鄉村區 ; 非都市編定：乙種建築用地,1,1,全筆移轉,15630001
RPUNMLRJPHIGFDQ37DA,石頭厝段,20.75,非都市：鄉村區 ; 非都市編定：乙種建築用地,4,1,持分移轉,00830004
RPUNMLRJPHIGFDQ37DA,石頭厝段,71.00,非都市：鄉村區 ; 非都市編定：乙種建築用地,1,1,全筆移轉,00830009
RPTNMLNKPHIGFBQ76DA,雙溪口段雙溪小段,10.48,非都市：特定農業區 ; 非都市編定：交通用地,25,1,持分移轉,05430006
RPPNMLTJPHIGFBQ86DA,嘉朴段,5.87,都市：其他:住宅區,100000,102,持分移轉,02620000
RPTNMLNKPHIGFBQ76DA,雙溪口段雙溪小段,73.50,非都市：特定農業區 ; 非都市編定：甲種建築用地,1,1,全筆移轉,05430027
RPQNMLQJPHIGFEQ96DA,梅北段,41.80,都市：住,10,2,持分移轉,19450002
RPQNMLQJPHIGFEQ96DA,梅北段,122.00,都市：其他:住,1,1,全筆移轉,19450003
RPQNMLQJPHIGFEQ96DA,梅北段,122.00,,1,1,全筆移轉,19450014
RPQNMLTKPHIGFBQ07DA,溪洲段溪洲小段,2834.00,非都市：特定農業區 ; 非都市編定：農牧用地,1,1,全筆移轉,02590000
RPQNMLTKPHIGFBQ07DA,溪洲段溪洲小段,2477.00,非都市：特定農業區 ; 非都市編定：農牧用地,1,1,全筆移轉,06350000
RPPQMLRKPHIGFCQ27EA,雙援段,259.59,非都市：特定農業區 ; 非都市編定：農牧用地,3652,2052,持分移轉,00990001
RPRQMLRKPHIGFCQ47EA,雙援段,95.00,非都市：特定農業區 ; 非都市編定：農牧用地,1,1,全筆移轉,01160001
RPRQMLRKPHIGFCQ47EA,雙援段,35.00,非都市：特定農業區 ; 非都市編定：農牧用地,8,2,持分移轉,01160009
RPRQMLRKPHIGFCQ47EA,雙援段,92.50,非都市：特定農業區 ; 非都市編定：農牧用地,8,2,持分移轉,01160010
RPRQMLRKPHIGFCQ47EA,雙援段,125.00,非都市：特定農業區 ; 非都市編定：農牧用地,8,2,持分移轉,01160017
RPSQMLRKPHIGFCQ57EA,雙援段,95.00,非都市：特定農業區 ; 非都市編定：農牧用地,1,1,全筆移轉,01160001
RPSQMLRKPHIGFCQ57EA,雙援段,35.00,非都市：特定農業區 ; 非都市編定：農牧用地,8,2,持分移轉,01160009
RPSQMLRKPHIGFCQ57EA,雙援段,92.50,非都市：特定農業區 ; 非都市編定：農牧用地,8,2,持分移轉,01160010
RPSQMLRKPHIGFCQ57EA,雙援段,125.00,非都市：特定農業區 ; 非都市編定：農牧用地,8,2,持分移轉,01160017
RPQOMLRKPHIGFCQ17EA,雙援段,.42,非都市：特定農業區 ; 非都市編定：甲種建築用地,24,1,持分移轉,00870012
RPQOMLRKPHIGFCQ17EA,雙援段,2.92,非都市：特定農業區 ; 非都市編定：農牧用地,48,1,持分移轉,01160009
RPQOMLRKPHIGFCQ17EA,雙援段,7.71,非都市：特定農業區 ; 非都市編定：農牧用地,48,1,持分移轉,01160010
RPQOMLRKPHIGFCQ17EA,雙援段,10.42,非都市：特定農業區 ; 非都市編定：農牧用地,48,1,持分移轉,01160017
RPQOMLRKPHIGFCQ17EA,雙援段何厝小段,8.67,非都市：特定農業區 ; 非都市編定：農牧用地,6,1,持分移轉,03490001
RPROMLRKPHIGFCQ27EA,雙援段,.42,非都市：特定農業區 ; 非都市編定：甲種建築用地,24,1,持分移轉,00870012
RPROMLRKPHIGFCQ27EA,雙援段,2.92,非都市：特定農業區 ; 非都市編定：農牧用地,48,1,持分移轉,01160009
RPROMLRKPHIGFCQ27EA,雙援段,7.71,非都市：特定農業區 ; 非都市編定：農牧用地,48,1,持分移轉,01160010
RPROMLRKPHIGFCQ27EA,雙援段,10.42,非都市：特定農業區 ; 非都市編定：農牧用地,48,1,持分移轉,01160017
RPROMLRKPHIGFCQ27EA,雙援段何厝小段,36.00,非都市：特定農業區 ; 非都市編定：農牧用地,1,1,全筆移轉,03480003
RPROMLRKPHIGFCQ27EA,雙援段何厝小段,8.67,非都市：特定農業區 ; 非都市編定：農牧用地,6,1,持分移轉,03490001
RPSOMLRKPHIGFCQ37EA,雙援段,.21,非都市：特定農業區 ; 非都市編定：甲種建築用地,48,1,持分移轉,00870012
RPSOMLRKPHIGFCQ37EA,雙援段,1.46,非都市：特定農業區 ; 非都市編定：農牧用地,96,1,持分移轉,01160009
RPSOMLRKPHIGFCQ37EA,雙援段,3.85,非都市：特定農業區 ; 非都市編定：農牧用地,96,1,持分移轉,01160010
RPSOMLRKPHIGFCQ37EA,雙援段,5.21,非都市：特定農業區 ; 非都市編定：農牧用地,96,1,持分移轉,01160017
RPSOMLRKPHIGFCQ37EA,雙援段何厝小段,4.33,非都市：特定農業區 ; 非都市編定：農牧用地,12,1,持分移轉,03490001
RPTOMLRKPHIGFCQ47EA,雙援段,.21,非都市：特定農業區 ; 非都市編定：甲種建築用地,48,1,持分移轉,00870012
RPTOMLRKPHIGFCQ47EA,雙援段,1.46,非都市：特定農業區 ; 非都市編定：農牧用地,96,1,持分移轉,01160009
RPTOMLRKPHIGFCQ47EA,雙援段,3.85,非都市：特定農業區 ; 非都市編定：農牧用地,96,1,持分移轉,01160010
RPTOMLRKPHIGFCQ47EA,雙援段,5.21,非都市：特定農業區 ; 非都市編定：農牧用地,96,1,持分移轉,01160017
RPTOMLRKPHIGFCQ47EA,雙援段何厝小段,4.33,非都市：特定農業區 ; 非都市編定：農牧用地,12,1,持分移轉,03490001
RPUOMLRKPHIGFCQ57EA,雙援段,2.50,非都市：特定農業區 ; 非都市編定：甲種建築用地,8,2,持分移轉,00870012
RPVOMLRKPHIGFCQ67EA,雙援段,1.04,非都市：特定農業區 ; 非都市編定：甲種建築用地,48,5,持分移轉,00870012
RPVOMLRKPHIGFCQ67EA,雙援段,2.92,非都市：特定農業區 ; 非都市編定：農牧用地,48,1,持分移轉,01160009
RPVOMLRKPHIGFCQ67EA,雙援段,7.71,非都市：特定農業區 ; 非都市編定：農牧用地,48,1,持分移轉,01160010
RPVOMLRKPHIGFCQ67EA,雙援段,10.42,非都市：特定農業區 ; 非都市編定：農牧用地,48,1,持分移轉,01160017
RPVOMLRKPHIGFCQ67EA,雙援段何厝小段,89.00,非都市：特定農業區 ; 非都市編定：農牧用地,1,1,全筆移轉,03460001
RPVOMLRKPHIGFCQ67EA,雙援段何厝小段,8.67,非都市：特定農業區 ; 非都市編定：農牧用地,6,1,持分移轉,03490001
RPWOMLRKPHIGFCQ77EA,雙援段,.42,非都市：特定農業區 ; 非都市編定：甲種建築用地,48,2,持分移轉,00870012
RPWOMLRKPHIGFCQ77EA,雙援段,2.92,非都市：特定農業區 ; 非都市編定：農牧用地,48,1,持分移轉,01160009
RPWOMLRKPHIGFCQ77EA,雙援段,7.71,非都市：特定農業區 ; 非都市編定：農牧用地,48,1,持分移轉,01160010
RPWOMLRKPHIGFCQ77EA,雙援段,10.42,非都市：特定農業區 ; 非都市編定：農牧用地,48,1,持分移轉,01160017
RPWOMLRKPHIGFCQ77EA,雙援段何厝小段,8.67,非都市：特定農業區 ; 非都市編定：農牧用地,6,1,持分移轉,03490001
RPXOMLRKPHIGFCQ87EA,雙援段,1.04,非都市：特定農業區 ; 非都市編定：甲種建築用地,48,5,持分移轉,00870012
RPXOMLRKPHIGFCQ87EA,雙援段,2.92,非都市：特定農業區 ; 非都市編定：農牧用地,48,1,持分移轉,01160009
RPXOMLRKPHIGFCQ87EA,雙援段,7.71,非都市：特定農業區 ; 非都市編定：農牧用地,48,1,持分移轉,01160010
RPXOMLRKPHIGFCQ87EA,雙援段,10.42,非都市：特定農業區 ; 非都市編定：農牧用地,48,1,持分移轉,01160017
RPXOMLRKPHIGFCQ87EA,雙援段何厝小段,8.67,非都市：特定農業區 ; 非都市編定：農牧用地,6,1,持分移轉,03490001
RPOPMLRKPHIGFCQ07EA,雙援段,1.50,非都市：特定農業區 ; 非都市編定：甲種建築用地,2,1,持分移轉,00920008
RPPPMLRKPHIGFCQ17EA,雙援段,1.50,非都市：特定農業區 ; 非都市編定：甲種建築用地,2,1,持分移轉,00920008
RPPNMLRKPHIGFDQ07EA,柳鄉段,503.68,非都市：一般農業區 ; 非都市編定：農牧用地,60,14,持分移轉,09100000
RPPNMLRKPHIGFDQ07EA,柳鄉段,327.15,非都市：一般農業區 ; 非都市編定：農牧用地,60,14,持分移轉,09100002
RPPNMLRKPHIGFDQ07EA,柳鄉段,126.77,非都市：一般農業區 ; 非都市編定：農牧用地,40,7,持分移轉,09100003
RPPNMLRKPHIGFDQ07EA,柳鄉段,227.58,非都市：一般農業區 ; 非都市編定：農牧用地,60,14,持分移轉,09100005
RPPNMLRKPHIGFDQ07EA,柳鄉段,260.29,非都市：一般農業區 ; 非都市編定：農牧用地,60,14,持分移轉,09100006
RPPNMLRKPHIGFDQ07EA,柳鄉段,539.10,非都市：一般農業區 ; 非都市編定：農牧用地,1,1,全筆移轉,09110000
RPPNMLRKPHIGFDQ07EA,柳鄉段,403.49,非都市：一般農業區 ; 非都市編定：農牧用地,60,14,持分移轉,09120000
RPPNMLRKPHIGFDQ07EA,柳鄉段,174.07,非都市：一般農業區 ; 非都市編定：丁種建築用地,60,14,持分移轉,09120001
RPQNMLKLPHIGFCQ09EA,新大埔美段,30.66,非都市：鄉村區 ; 非都市編定：乙種建築用地,13440,35,持分移轉,28850000
RPTQMLRKPHIGFCQ67EA,雙援段,17.50,非都市：特定農業區 ; 非都市編定：農牧用地,8,1,持分移轉,01160009
RPTQMLRKPHIGFCQ67EA,雙援段,46.25,非都市：特定農業區 ; 非都市編定：農牧用地,8,1,持分移轉,01160010
RPTQMLRKPHIGFCQ67EA,雙援段,62.50,非都市：特定農業區 ; 非都市編定：農牧用地,8,1,持分移轉,01160017
RPUQMLRKPHIGFCQ77EA,雙援段,35.00,非都市：特定農業區 ; 非都市編定：農牧用地,8,2,持分移轉,01160009
RPUQMLRKPHIGFCQ77EA,雙援段,92.50,非都市：特定農業區 ; 非都市編定：農牧用地,8,2,持分移轉,01160010
RPUQMLRKPHIGFCQ77EA,雙援段,125.00,非都市：特定農業區 ; 非都市編定：農牧用地,8,2,持分移轉,01160017
RPSNMLSKPHIGFDQ37DA,竹頭崎段,914.25,非都市：山坡地保育區 ; 非都市編定：丙種建築用地,4,1,持分移轉,00670000
RPPNMLQJPHIGFDQ76DA,安仁段,6.21,非都市：鄉村區 ; 非都市編定：乙種建築用地,10000,24,持分移轉,03500000
RPPNMLQJPHIGFDQ76DA,安仁段,1.87,非都市：鄉村區 ; 非都市編定：乙種建築用地,10000,24,持分移轉,03510000
RPRNMLTKPHIGFBQ17DA,傳芳段,42.00,都市：其他:住宅區,1,1,全筆移轉,01530001
RPSNMLOKPHIGFBQ76DA,嘉朴段,7.60,都市：其他:住宅區,100000,132,持分移轉,02620000
RPRNMLSKPHIGFBQ07DA,栗子崙段,265.00,非都市：一般農業區 ; 非都市編定：農牧用地,8,1,持分移轉,00950002
RPQNMLSKPHIGFBQ96DA,栗子崙段東崙小段,30.33,非都市：一般農業區 ; 非都市編定：農牧用地,6,1,持分移轉,06430001
RPRNMLSKPHIGFBQ07DA,栗子崙段,236.12,非都市：一般農業區 ; 非都市編定：農牧用地,8,1,持分移轉,00950005
RPRNMLSKPHIGFBQ07DA,栗子崙段,231.88,非都市：一般農業區 ; 非都市編定：農牧用地,8,1,持分移轉,01280000
RPQNMLSKPHIGFBQ96DA,栗子崙段東崙小段,17.17,非都市：一般農業區 ; 非都市編定：農牧用地,6,1,持分移轉,06430003
SPRNMLSKPHIGFBQ17DA,栗子崙段,47.50,非都市：一般農業區 ; 非都市編定：水利用地,8,1,持分移轉,00950004
RPSNMLSKPHIGFBQ17DA,栗子崙段,88.33,非都市：一般農業區 ; 非都市編定：農牧用地,24,1,持分移轉,00950002
RPSNMLSKPHIGFBQ17DA,栗子崙段,78.71,非都市：一般農業區 ; 非都市編定：農牧用地,24,1,持分移轉,00950005
RPSNMLSKPHIGFBQ17DA,栗子崙段,77.29,非都市：一般農業區 ; 非都市編定：農牧用地,24,1,持分移轉,01280000
RPTNMLSKPHIGFBQ27DA,栗子崙段,88.33,非都市：一般農業區 ; 非都市編定：農牧用地,24,1,持分移轉,00950002
RPTNMLSKPHIGFBQ27DA,栗子崙段,78.71,非都市：一般農業區 ; 非都市編定：農牧用地,24,1,持分移轉,00950005
RPTNMLSKPHIGFBQ27DA,栗子崙段,77.29,非都市：一般農業區 ; 非都市編定：農牧用地,24,1,持分移轉,01280000
RPSNMLMKPHIGFCQ76EA,菜公厝段咬竹小段,3129.00,非都市：特定農業區 ; 非都市編定：農牧用地,6129,3129,持分移轉,06210000
SPSNMLSKPHIGFBQ27DA,栗子崙段,15.83,非都市：一般農業區 ; 非都市編定：水利用地,24,1,持分移轉,00950004
RPRNMLRKPHIGFCQ17EA,雙援段,114.50,非都市：特定農業區 ; 非都市編定：農牧用地,2,1,持分移轉,00740025
RPRNMLRKPHIGFCQ17EA,雙援段,17.50,非都市：特定農業區 ; 非都市編定：農牧用地,8,1,持分移轉,01160009
RPRNMLRKPHIGFCQ17EA,雙援段,46.25,非都市：特定農業區 ; 非都市編定：農牧用地,8,1,持分移轉,01160010
RPRNMLRKPHIGFCQ17EA,雙援段,62.50,非都市：特定農業區 ; 非都市編定：農牧用地,8,1,持分移轉,01160017
RPPNMLRKPHIGFCQ96EA,新庄段,44.61,非都市：鄉村區 ; 非都市編定：乙種建築用地,10000,34,持分移轉,07850000
RPUNMLSKPHIGFBQ37DA,栗子崙段,88.33,非都市：一般農業區 ; 非都市編定：農牧用地,24,1,持分移轉,00950002
RPUNMLSKPHIGFBQ37DA,栗子崙段,78.71,非都市：一般農業區 ; 非都市編定：農牧用地,24,1,持分移轉,00950005
RPUNMLSKPHIGFBQ37DA,栗子崙段,77.29,非都市：一般農業區 ; 非都市編定：農牧用地,24,1,持分移轉,01280000
SPTNMLSKPHIGFBQ37DA,栗子崙段,15.83,非都市：一般農業區 ; 非都市編定：水利用地,24,1,持分移轉,00950004
SPUNMLSKPHIGFBQ47DA,栗子崙段,15.83,非都市：一般農業區 ; 非都市編定：水利用地,24,1,持分移轉,00950004
RPXNMLSKPHIGFBQ67DA,栗子崙段,265.00,非都市：一般農業區 ; 非都市編定：農牧用地,16,2,持分移轉,00950002
RPXNMLSKPHIGFBQ67DA,栗子崙段,236.12,非都市：一般農業區 ; 非都市編定：農牧用地,16,2,持分移轉,00950005
RPXNMLSKPHIGFBQ67DA,栗子崙段,231.88,非都市：一般農業區 ; 非都市編定：農牧用地,16,2,持分移轉,01280000
SPXNMLSKPHIGFBQ77DA,栗子崙段,23.75,非都市：一般農業區 ; 非都市編定：水利用地,16,1,持分移轉,00950004
SPOOMLSKPHIGFBQ96DA,栗子崙段,23.75,非都市：一般農業區 ; 非都市編定：水利用地,16,1,持分移轉,00950004
RPOOMLSKPHIGFBQ86DA,栗子崙段,265.00,非都市：一般農業區 ; 非都市編定：農牧用地,16,2,持分移轉,00950002
RPOOMLSKPHIGFBQ86DA,栗子崙段,236.12,非都市：一般農業區 ; 非都市編定：農牧用地,16,2,持分移轉,00950005
RPOOMLSKPHIGFBQ86DA,栗子崙段,231.88,非都市：一般農業區 ; 非都市編定：農牧用地,16,2,持分移轉,01280000
RPPOMLSKPHIGFBQ96DA,栗子崙段,795.00,非都市：一般農業區 ; 非都市編定：農牧用地,16,6,持分移轉,00950002
RPPOMLSKPHIGFBQ96DA,栗子崙段,708.38,非都市：一般農業區 ; 非都市編定：農牧用地,16,6,持分移轉,00950005
RPPOMLSKPHIGFBQ96DA,栗子崙段,695.62,非都市：一般農業區 ; 非都市編定：農牧用地,16,6,持分移轉,01280000
SPPOMLSKPHIGFBQ07DA,栗子崙段,23.75,非都市：一般農業區 ; 非都市編定：水利用地,16,1,持分移轉,00950004
RPQOMLSKPHIGFBQ07DA,栗子崙段,265.00,非都市：一般農業區 ; 非都市編定：農牧用地,16,2,持分移轉,00950002
RPQOMLSKPHIGFBQ07DA,栗子崙段,236.12,非都市：一般農業區 ; 非都市編定：農牧用地,16,2,持分移轉,00950005
RPQOMLSKPHIGFBQ07DA,栗子崙段,231.88,非都市：一般農業區 ; 非都市編定：農牧用地,16,2,持分移轉,01280000
SPQOMLSKPHIGFBQ17DA,栗子崙段,23.75,非都市：一般農業區 ; 非都市編定：水利用地,16,1,持分移轉,00950004
RPQNMLSKPHIGFCQ07DA,秀林段,68.80,非都市：鄉村區 ; 非都市編定：乙種建築用地,1,1,全筆移轉,06750000
RPSNMLTKPHIGFDQ47DA,隆興段,114.28,都市：其他:住宅區,1,1,全筆移轉,07420000
RPPNMLTKPHIGFBQ96DA,復興段,91.72,都市：其他:住宅區,1,1,全筆移轉,01170000
RPVNMLTKPHIGFDQ77DA,柳鄉段,31.43,非都市：鄉村區 ; 非都市編定：乙種建築用地,10000,144,持分移轉,06870000
RPQNMLTKPHIGFEQ37DA,覆鐤金段,48.50,非都市：一般農業區 ; 非都市編定：農牧用地,20,1,持分移轉,01460015
RPQNMLTKPHIGFEQ37DA,覆鐤金段,254.35,非都市：山坡地保育區 ; 非都市編定：農牧用地,20,1,持分移轉,07880000
RPQNMLTKPHIGFEQ37DA,覆鐤金段,9.45,非都市：山坡地保育區 ; 非都市編定：丙種建築用地,20,1,持分移轉,07890000
RPQNMLTKPHIGFEQ37DA,覆鐤金段,573.95,非都市：山坡地保育區 ; 非都市編定：農牧用地,20,1,持分移轉,07900000
RPQNMLOLPHIGFCQ86EA,厝子段厝子小段,1665.00,非都市：特定農業區 ; 非都市編定：農牧用地,1,1,全筆移轉,01050000
RPWNMLKLPHIGFDQ07DA,北回段,61.37,非都市：鄉村區 ; 非都市編定：乙種建築用地,1,1,全筆移轉,11140000
RPPNMLNKPHIGFDQ56DA,新埤段新埤小段,1476.00,非都市：特定農業區 ; 非都市編定：農牧用地,1,1,全筆移轉,20790000
RPUNMLSKPHIGFDQ57DA,安仁段,6.21,非都市：鄉村區 ; 非都市編定：乙種建築用地,10000,24,持分移轉,03500000
RPUNMLSKPHIGFDQ57DA,安仁段,1.87,非都市：鄉村區 ; 非都市編定：乙種建築用地,10000,24,持分移轉,03510000
RPTNMLKLPHIGFCQ66DA,山中段,12.50,非都市：鄉村區 ; 非都市編定：乙種建築用地,4,1,持分移轉,05780000
RPTNMLKLPHIGFCQ66DA,山中段,270.00,非都市：鄉村區 ; 非都市編定：乙種建築用地,1,1,全筆移轉,05790000
RPTNMLKLPHIGFCQ66DA,山中段,8.60,非都市：鄉村區 ; 非都市編定：乙種建築用地,10,2,持分移轉,05800000
RPVNMLLKPHIGFDQ96DA,灣潭子段,259.00,非都市：山坡地保育區 ; 非都市編定：丙種建築用地,1,1,全筆移轉,01520001
RPSNMLKLPHIGFCQ56DA,林子前段三和小段,2363.00,非都市：特定農業區 ; 非都市編定：農牧用地,1,1,全筆移轉,06230000
RPQNMLRJPHIGFCQ86DA,崙尾段崙尾小段,198.37,非都市：鄉村區 ; 非都市編定：乙種建築用地,120000,4367,持分移轉,01590000
RPSNMLPJPHIGFBQ76DA,圍潭段圍潭小段,2344.50,非都市：一般農業區 ; 非都市編定：農牧用地,2,1,持分移轉,03440000
RPQNMLLLPHIGFCQ09DA,水頭段,921.07,非都市：鄉村區 ; 非都市編定：乙種建築用地,4,1,持分移轉,01540000
RPRNMLLLPHIGFBQ09DA,港墘厝段龍港小段,96.62,非都市：鄉村區 ; 非都市編定：乙種建築用地,1,1,全筆移轉,09270002
RPRNMLLLPHIGFBQ09DA,港墘厝段龍港小段,.75,非都市：鄉村區 ; 非都市編定：乙種建築用地,432,18,持分移轉,09270006
SPQNMLLLPHIGFCQ56DA,林子前段三和小段,427.67,非都市：特定農業區 ; 非都市編定：農牧用地,6,1,持分移轉,07880000
TPQNMLLLPHIGFCQ66DA,林子前段三和小段,427.67,非都市：特定農業區 ; 非都市編定：農牧用地,6,1,持分移轉,07880000
RPUNMLNKPHIGFDQ07DA,中庄段,2415.14,非都市：特定農業區 ; 非都市編定：農牧用地,1,1,全筆移轉,04520001
RPRNMLOLPHIGFBQ76DA,貴舍新段,329.06,非都市：鄉村區 ; 非都市編定：乙種建築用地,1,1,全筆移轉,02870001
RPRNMLNLPHIGFDQ86DA,水東段,69.96,都市：其他:商業區,2000,915,持分移轉,08210001
RPTNMLOLPHIGFBQ96DA,新塭段好美小段,109.67,非都市：鄉村區 ; 非都市編定：乙種建築用地,1,1,全筆移轉,03180000
RPPNMLPLPHIGFCQ86EA,溪東段,72.97,都市：其他:商,1,1,全筆移轉,07530000
RPSNMLOLPHIGFBQ86DA,六腳段六嘉小段,3110.00,非都市：特定農業區 ; 非都市編定：農牧用地,1,1,全筆移轉,06560000
RPQNMLQKPHIGFEQ07DA,灣北段,388.00,非都市：鄉村區 ; 非都市編定：乙種建築用地,1,1,全筆移轉,08840002
RPPNMLRKPHIGFCQ86DA,溪北段溪北小段,1004.50,非都市：特定農業區 ; 非都市編定：農牧用地,4,1,持分移轉,05470000
RPQNMLPLPHIGFBQ86EA,樹林頭段樹林小段,42.00,非都市：一般農業區 ; 非都市編定：農牧用地,1,1,全筆移轉,03520000
RPTNMLNKPHIGFCQ86DA,民北段,114.00,都市：其他:住,1,1,全筆移轉,06630010
RPPNMLQKPHIGFCQ76DA,雙援段,81.00,非都市：特定農業區 ; 非都市編定：甲種建築用地,1,1,全筆移轉,01520029
RPPNMLMKPHIGFCQ98DA,西庄段西庄小段,4906.00,非都市：特定農業區 ; 非都市編定：農牧用地,1,1,全筆移轉,05270000
RPPNMLLLPHIGFCQ09EA,新大埔美段,54.56,非都市：鄉村區 ; 非都市編定：乙種建築用地,16,1,持分移轉,28980000
RPPNMLPLPHIGFDQ96EA,新大崙段,29.27,非都市：鄉村區 ; 非都市編定：乙種建築用地,12,1,持分移轉,08990000
RPPNMLNLPHIGFDQ66DA,龍潭段,35.66,都市：其他:住宅區,5,1,持分移轉,05300000
RPRNMLMLPHIGFDQ76DA,江堀段,331.71,非都市：鄉村區 ; 非都市編定：乙種建築用地,1,1,全筆移轉,08090000
RPSNMLOLPHIGFCQ96DA,明和段,81.70,都市：其他:住,1,1,全筆移轉,01020153
RPSNMLPLPHIGFCQ07DA,大崎段,20.74,非都市：一般農業區 ; 非都市編定：交通用地,1600,45,持分移轉,19750000
RPSNMLPLPHIGFCQ07DA,大崎段,163.19,非都市：一般農業區 ; 非都市編定：交通用地,1,1,全筆移轉,20130000
RPPNMLQLPHIGFCQ86DA,秀林段,19.65,非都市：一般農業區 ; 非都市編定：甲種建築用地,8,1,持分移轉,16190000
RPPNMLQLPHIGFCQ86DA,秀林段,228.25,非都市：一般農業區 ; 非都市編定：甲種建築用地,1,1,全筆移轉,16190003
RPTNMLPLPHIGFCQ17DA,崙子頂段,20.59,非都市：鄉村區 ; 非都市編定：乙種建築用地,64,1,持分移轉,02580014
RPTNMLPLPHIGFCQ17DA,崙子頂段,77.00,非都市：鄉村區 ; 非都市編定：乙種建築用地,1,1,全筆移轉,02580018
RPPNMLQKPHIGFBQ66DA,六斗尾段六斗小段,760.00,非都市：特定農業區 ; 非都市編定：農牧用地,1,1,全筆移轉,02680000
RPPNMLLMPHIGFBQ98DA,貴舍新段,557.02,非都市：一般農業區 ; 非都市編定：農牧用地,1,1,全筆移轉,01610000
RPOOMLPLPHIGFBQ66DA,過路子段過路小段,35.85,非都市：鄉村區 ; 非都市編定：乙種建築用地,396,21,持分移轉,09490000
RPOOMLPLPHIGFBQ66DA,過路子段過路小段,7.48,非都市：鄉村區 ; 非都市編定：交通用地,396,21,持分移轉,09500000
RPOOMLPLPHIGFBQ66DA,過路子段過路小段,103.09,非都市：鄉村區 ; 非都市編定：乙種建築用地,396,21,持分移轉,09510000
RPOOMLPLPHIGFBQ66DA,過路子段過路小段,10.02,非都市：鄉村區 ; 非都市編定：交通用地,80,3,持分移轉,09580000
RPSNMLOJPHIGFDQ86DA,三層崎段,1988.00,非都市：山坡地保育區 ; 非都市編定：農牧用地,1,1,全筆移轉,00690012
RPOOMLLKPHIGFDQ98DA,金蘭段,39.23,非都市：特定農業區 ; 非都市編定：甲種建築用地,15,1,持分移轉,04620000
RPOOMLLKPHIGFDQ98DA,金蘭段,.42,非都市：特定農業區 ; 非都市編定：甲種建築用地,17,1,持分移轉,04620008
RPOOMLLKPHIGFDQ98DA,金蘭段,143.03,非都市：特定農業區 ; 非都市編定：甲種建築用地,1,1,全筆移轉,04620015
RPRNMLQLPHIGFBQ96DA,頂東石段黎明小段,661.16,非都市：特定專用區 ; 非都市編定：甲種建築用地,1,1,全筆移轉,00330004
RPTNMLPLPHIGFDQ27DA,北興段,2.20,都市：其他:住宅區,50,2,持分移轉,01030001
RPTNMLPLPHIGFDQ27DA,北興段,78.10,都市：其他:住宅區,1,1,全筆移轉,01030018
RPTNMLPLPHIGFDQ27DA,北興段,16.54,都市：其他:住宅區,10000,346,持分移轉,01030020
RPPNMLRLPHIGFCQ07EA,建國段,496.00,非都市：特定農業區 ; 非都市編定：農牧用地,1,1,全筆移轉,00390000
RPTNMLPLPHIGFDQ27DA,北興段,.38,都市：其他:住宅區,50,2,持分移轉,01030021
RPTNMLPLPHIGFDQ27DA,北興段,2.74,都市：其他:住宅區,50,2,持分移轉,01030030
RPQNMLQLPHIGFDQ07DA,田寮段,156.00,非都市：特定農業區 ; 非都市編定：農牧用地,1,1,全筆移轉,01060002
RPSNMLPLPHIGFDQ27EA,下潭段光潭小段,2428.00,非都市：特定農業區 ; 非都市編定：農牧用地,1,1,全筆移轉,07010000
RPPNMLRLPHIGFDQ17EA,後寮新段,219.66,非都市：鄉村區 ; 非都市編定：乙種建築用地,1,1,全筆移轉,00360000
RPPNMLRLPHIGFDQ17EA,後寮新段,7.71,非都市：鄉村區 ; 非都市編定：乙種建築用地,28,3,持分移轉,00380000
RPPNMLLJQHIGFBQ88EA,新民段,40.25,非都市：鄉村區 ; 非都市編定：乙種建築用地,1,1,全筆移轉,09900001
RPTNMLQLPHIGFDQ37DA,過溝段過溝小段,30.67,都市：其他:住宅區,108,6,持分移轉,10990007
RPTNMLQLPHIGFDQ37DA,過溝段過溝小段,2.89,都市：其他:住宅區,108,6,持分移轉,10990025
RPTNMLQLPHIGFDQ37DA,過溝段過溝小段,97.00,都市：其他:住宅區,1,1,全筆移轉,10990026
RPTNMLQLPHIGFDQ37DA,過溝段過溝小段,101.00,都市：其他:住宅區,1,1,全筆移轉,10990027
RPTNMLQLPHIGFDQ37DA,過溝段過溝小段,4.00,都市：其他:住宅區,1,1,全筆移轉,10990045
RPPNMLLMPHIGFEQ66DA,內甕段,5.65,都市：其他:住宅區,10000,10,持分移轉,00970009
RPPNMLLMPHIGFEQ66DA,內甕段,.27,都市：其他:保護區,10000,10,持分移轉,00970043
RPRNMLQLPHIGFDQ17DA,義興段,75.31,非都市：特定農業區 ; 非都市編定：甲種建築用地,1,1,全筆移轉,04480000
RPRNMLQLPHIGFDQ17DA,義興段,10.69,非都市：特定農業區 ; 非都市編定：甲種建築用地,1,1,全筆移轉,04490000
RPRNMLPLPHIGFDQ07DA,水西段,30.76,都市：其他:住宅區,500000,35180,持分移轉,09410000
RPRNMLPLPHIGFDQ07DA,水西段,116.31,都市：其他:住宅區,1,1,全筆移轉,09410007
RPPNMLLJQHIGFBQ78DA,安福段,14.40,都市：其他:住宅區,10,2,持分移轉,12210000
RPWNMLSKPHIGFDQ77DA,石硦段,3000.00,非都市：山坡地保育區 ; 非都市編定：農牧用地,1,1,全筆移轉,03140004
RPQNMLRKPHIGFBQ86DA,崁前段崁前小段,289.00,非都市：鄉村區 ; 非都市編定：乙種建築用地,1,1,全筆移轉,00300018
RPQNMLRKPHIGFBQ86DA,崁前段崁前小段,76.72,非都市：鄉村區 ; 非都市編定：乙種建築用地,54,3,持分移轉,00300019
RPQNMLRKPHIGFBQ86DA,崁前段崁前小段,10.94,非都市：鄉村區 ; 非都市編定：乙種建築用地,1,1,全筆移轉,00300024
RPTNMLLMPHIGFBQ76DA,中正段,36.00,都市：其他:商業區,1,1,全筆移轉,03430000
RPTNMLLMPHIGFBQ76DA,中正段,18.50,都市：其他:商業區,2,1,持分移轉,03520000
RPUNMLLMPHIGFBQ86DA,溪口段,55.74,非都市：鄉村區 ; 非都市編定：乙種建築用地,6,1,持分移轉,08120000
RPRNMLMJQHIGFBQ09DA,南勢竹段南竹小段,2508.00,非都市：特定農業區 ; 非都市編定：農牧用地,1,1,全筆移轉,03050000
RPUNMLLMPHIGFBQ86DA,溪口段,174.61,非都市：鄉村區 ; 非都市編定：乙種建築用地,6,1,持分移轉,08130000
RPQNMLPLPHIGFBQ76DA,屯子頭新段,10.05,非都市：鄉村區 ; 非都市編定：乙種建築用地,10,1,持分移轉,04020000
RPQNMLPLPHIGFBQ76DA,屯子頭新段,89.07,非都市：鄉村區 ; 非都市編定：乙種建築用地,1,1,全筆移轉,04030000
RPQNMLPLPHIGFBQ76DA,屯子頭新段,13.90,非都市：鄉村區 ; 非都市編定：乙種建築用地,10,1,持分移轉,04120000
RPRNMLLJQHIGFBQ98DA,布鹽段,3394.75,都市：其他:乙種工業區,1,1,全筆移轉,00980000
RPRNMLRJPHIGFBQ86DA,過溝段過溝小段,2654.08,非都市：一般農業區 ; 非都市編定：農牧用地,1,1,全筆移轉,03930000
RPUNMLQLPHIGFCQ37DA,雙援段何厝小段,2541.00,非都市：特定農業區 ; 非都市編定：農牧用地,1,1,全筆移轉,04580000
RPQNMLQLPHIGFBQ86DA,嘉朴段,5.87,都市：其他:住宅區,100000,102,持分移轉,02620000
RPPNMLNLPHIGFBQ09DA,大塗師段塗師小段,701.00,非都市：特定農業區 ; 非都市編定：農牧用地,1,1,全筆移轉,04600003
RPQNMLLMPHIGFCQ56DA,崙尾段崙尾小段,92.00,非都市：鄉村區 ; 非都市編定：乙種建築用地,1,1,全筆移轉,02250009
RPQNMLLMPHIGFCQ56DA,崙尾段崙尾小段,14.80,非都市：鄉村區 ; 非都市編定：乙種建築用地,5,1,持分移轉,02250011
RPTNMLSKPHIGFCQ37DA,溪東段,73.32,,2,1,持分移轉,11140000
RPTNMLSKPHIGFCQ37DA,溪東段,64.39,,2,1,持分移轉,11200000
RPTNMLSKPHIGFCQ37DA,溪東段,169.62,,2,1,持分移轉,11210000
RPRNMLLMPHIGFCQ66DA,崙尾段崙尾小段,215.00,非都市：鄉村區 ; 非都市編定：乙種建築用地,1,1,全筆移轉,02250010
RPRNMLLMPHIGFCQ66DA,崙尾段崙尾小段,14.80,非都市：鄉村區 ; 非都市編定：乙種建築用地,5,1,持分移轉,02250011
RPQNMLLMPHIGFDQ76EA,北興段,100.70,都市：其他:住宅區,1,1,全筆移轉,03500000
RPQNMLLMPHIGFDQ76EA,北興段,49.32,都市：其他:道路,3,1,持分移轉,03640000
RPPNMLTKPHIGFEQ27DA,大草埔段,4471.00,非都市：山坡地保育區 ; 非都市編定：農牧用地,1,1,全筆移轉,00810014
RPPNMLKLPHIGFEQ09DA,轆子腳段轆子腳小段,85.00,非都市：特定專用區 ; 非都市編定：農牧用地,536,85,持分移轉,00810002
RPPNMLLJQHIGFCQ98EA,西庄段西庄小段,1899.00,非都市：特定農業區 ; 非都市編定：農牧用地,1,1,全筆移轉,06390000
RPPNMLMJQHIGFCQ09EA,游厝段游東小段,511.88,非都市：特定農業區 ; 非都市編定：甲種建築用地,16,2,持分移轉,08120000
RPUNMLPLPHIGFDQ37DA,新三界埔段,163.12,非都市：特定農業區 ; 非都市編定：甲種建築用地,1,1,全筆移轉,02710000
RPSNMLLLPHIGFDQ76DA,水東段,1.58,都市：其他:住宅區,3,2,持分移轉,11090000
RPSNMLLLPHIGFDQ76DA,水東段,20.63,都市：其他:商業區,3,2,持分移轉,11120000
RPSNMLLLPHIGFDQ76DA,水東段,87.36,都市：其他:商業區,1,1,全筆移轉,11130000
RPPOMLQLPHIGFDQ07DA,嘉新段,22.83,都市：其他:住宅區,30000,174,持分移轉,06820000
RPTNMLRLPHIGFCQ37DA,中坑段,2674.00,非都市：山坡地保育區 ; 非都市編定：農牧用地,1,1,全筆移轉,00070000
RPTNMLRLPHIGFCQ37DA,中坑段,847.00,非都市：山坡地保育區 ; 非都市編定：農牧用地,1,1,全筆移轉,00070003
RPTNMLRLPHIGFCQ37DA,中坑段,97.00,非都市：山坡地保育區 ; 非都市編定：農牧用地,1,1,全筆移轉,05460003
RPQNMLMJQHIGFCQ09DA,民工段,83.00,都市：其他:住,1,1,全筆移轉,02960000
RPUNMLSKPHIGFCQ47DA,溪東段,73.32,,2,1,持分移轉,11140000
RPUNMLSKPHIGFCQ47DA,溪東段,64.39,,2,1,持分移轉,11200000
RPUNMLSKPHIGFCQ47DA,溪東段,169.62,,2,1,持分移轉,11210000
RPOOMLLJQHIGFBQ78DA,牛挑灣段松梅小段,23.75,非都市：鄉村區 ; 非都市編定：乙種建築用地,5,1,持分移轉,11960008
RPOOMLLJQHIGFBQ78DA,牛挑灣段松梅小段,31.23,非都市：鄉村區 ; 非都市編定：乙種建築用地,7860,424,持分移轉,11970000
RPOOMLLJQHIGFBQ78DA,牛挑灣段松梅小段,1.29,非都市：鄉村區 ; 非都市編定：乙種建築用地,5,1,持分移轉,11980003
RPQNMLMJQHIGFBQ98DA,雙涵段雙涵小段,1678.00,非都市：特定農業區 ; 非都市編定：農牧用地,1,1,全筆移轉,07190000
RPRNMLNJQHIGFBQ56DA,嘉朴段,7.60,都市：其他:住宅區,100000,132,持分移轉,02620000
RPQNMLNJQHIGFBQ09DA,德安段,69.00,都市：其他:住宅區,1,1,全筆移轉,14840000
RPQNMLLMPHIGFBQ09DA,內厝段,96.98,都市：其他:住宅區,1,1,全筆移轉,10310000
RPTNMLNJQHIGFBQ76DA,新寮段,12.42,都市：其他:農業區,120,6,持分移轉,07630000
RPTNMLNJQHIGFBQ76DA,新寮段,15.05,都市：其他:農業區,360,18,持分移轉,07650000
RPTNMLNJQHIGFBQ76DA,新寮段,.38,都市：其他:住宅區,2160,12,持分移轉,08140000
RPTNMLNJQHIGFBQ76DA,新寮段,2.64,都市：其他:住宅區,2160,12,持分移轉,08150007
RPTNMLNJQHIGFBQ76DA,新寮段,14.55,都市：其他:住宅區,120,12,持分移轉,08150010
RPVNMLNJQHIGFBQ96DA,鎮安段,29.58,都市：其他:住宅區,1,1,全筆移轉,12070000
RPVNMLNJQHIGFBQ96DA,鎮安段,210.00,都市：其他:住宅區,1,1,全筆移轉,12080000
RPVNMLNJQHIGFBQ96DA,鎮安段,51.00,都市：其他:住宅區,1,1,全筆移轉,13050000
RPRNMLMJQHIGFCQ56DA,東湖段,67.72,非都市：鄉村區 ; 非都市編定：乙種建築用地,1,1,全筆移轉,18280000
RPTNMLMJQHIGFCQ76DA,番婆段安和小段,1739.00,非都市：特定農業區 ; 非都市編定：農牧用地,1,1,全筆移轉,06860000
RPSNMLMJQHIGFCQ66DA,番婆段安和小段,540.00,非都市：特定農業區 ; 非都市編定：農牧用地,1,1,全筆移轉,06260000
RPSNMLMJQHIGFCQ66DA,番婆段安和小段,1739.00,非都市：特定農業區 ; 非都市編定：農牧用地,1,1,全筆移轉,06850000
RPTNMLLLPHIGFDQ86DA,溪洲段,6.09,非都市：鄉村區 ; 非都市編定：乙種建築用地,1,1,全筆移轉,05660000
RPTNMLLLPHIGFDQ86DA,溪洲段,72.88,非都市：鄉村區 ; 非都市編定：乙種建築用地,1,1,全筆移轉,05670000
RPSNMLLJQHIGFDQ66DA,過溝段過溝小段,85.00,都市：其他:住宅區,1,1,全筆移轉,11510045
RPPNMLSLPHIGFCQ07DA,水仙段,157.16,非都市：一般農業區 ; 非都市編定：甲種建築用地,1,1,全筆移轉,06730000
RPPNMLSLPHIGFCQ07DA,水仙段,1586.01,非都市：一般農業區 ; 非都市編定：水利用地,1,1,全筆移轉,06740000
RPQNMLLMPHIGFDQ66DA,南靖段南和小段,552.17,非都市：特定農業區 ; 非都市編定：農牧用地,18,3,持分移轉,11190000
RPTNMLLJQHIGFDQ76DA,東新段,17.21,都市：其他:住宅區,150736,3442,持分移轉,09340010
RPTNMLLJQHIGFDQ76DA,東新段,216.21,都市：其他:住宅區,1,1,全筆移轉,09340023
RPPNMLNLPHIGFEQ76DA,梅北段,41.00,都市：工,1,1,全筆移轉,28330001
RPPNMLNLPHIGFEQ76DA,梅北段,167.00,都市：工,1,1,全筆移轉,28330002
RPSNMLLMPHIGFDQ86DA,嘉新段,22.43,都市：其他:住宅區,10000,57,持分移轉,06820000
RPSNMLMJQHIGFDQ86EA,下潭段下潭小段,2384.00,非都市：特定農業區 ; 非都市編定：農牧用地,1,1,全筆移轉,00070000
RPTNMLMJQHIGFDQ96EA,下潭段下潭小段,2384.00,非都市：特定農業區 ; 非都市編定：農牧用地,1,1,全筆移轉,00080000
RPQNMLMJQHIGFDQ66EA,下半天段半天小段,2366.00,非都市：特定農業區 ; 非都市編定：農牧用地,1,1,全筆移轉,04960000
RPRNMLMJQHIGFDQ76EA,麻豆店段下麻小段,1106.00,非都市：特定農業區 ; 非都市編定：農牧用地,1,1,全筆移轉,02480000
RPQNMLRKPHIGFDQ07DA,三和段,85.19,都市：其他:住宅區,1,1,全筆移轉,13750000
RPWNMLMJQHIGFCQ07DA,福安段,58.10,都市：其他:住,1,1,全筆移轉,07010000
RPUNMLNJQHIGFBQ86DA,埤子頭段埤前小段,591.00,非都市：特定農業區 ; 非都市編定：農牧用地,4,1,持分移轉,14120000
RPSNMLNJQHIGFCQ76DA,西安段,78.00,非都市：特定農業區 ; 非都市編定：甲種建築用地,1,1,全筆移轉,08100012
RPSNMLNJQHIGFCQ76DA,西安段,.23,非都市：特定農業區 ; 非都市編定：甲種建築用地,22,1,持分移轉,08160002
RPSNMLNJQHIGFCQ76DA,番子段番子小段,26.00,非都市：特定農業區 ; 非都市編定：交通用地,1,1,全筆移轉,08750009
RPQOMLNJQHIGFBQ56DA,德安段,104.25,都市：其他:住宅區,1,1,全筆移轉,03740005
RPSNMLNJQHIGFCQ76DA,番子段番子小段,2.42,非都市：特定農業區 ; 非都市編定：交通用地,19,1,持分移轉,08750019
RPPNMLMJQHIGFDQ09DA,鹿草段鹿東小段,142.67,非都市：特定農業區 ; 非都市編定：農牧用地,3,1,持分移轉,12850000
RPPNMLMJQHIGFDQ09DA,鹿北段,.36,都市：其他:住宅區,15,1,持分移轉,14070000
RPPNMLMJQHIGFDQ09DA,鹿北段,1.10,都市：其他:道路用地,15,1,持分移轉,14070001
RPPNMLMJQHIGFDQ09DA,鹿北段,2.68,都市：其他:道路用地,15,1,持分移轉,14090000
RPPNMLMJQHIGFDQ09DA,鹿北段,2.82,都市：其他:道路用地,15,1,持分移轉,14110000
RPPNMLMJQHIGFDQ09DA,鹿北段,.54,都市：其他:住宅區,15,1,持分移轉,14120000
RPPNMLMJQHIGFDQ09DA,鹿北段,3.41,都市：其他:道路用地,15,1,持分移轉,14120001
RPPNMLMJQHIGFDQ09DA,鹿北段,5.58,都市：其他:道路用地,3,1,持分移轉,14140001
RPPNMLMJQHIGFDQ09DA,鹿北段,23.19,都市：其他:住宅區,21,1,持分移轉,14360000
RPPNMLMJQHIGFDQ09DA,鹿北段,3.02,都市：其他:道路用地,21,1,持分移轉,14360001
RPPNMLMJQHIGFDQ09DA,鹿北段,.38,都市：其他:道路用地,21,1,持分移轉,14370000
RPOOMLNJQHIGFBQ98DA,鎮安段,110.42,都市：其他:住宅區,92950,11042,持分移轉,17880000
RPPNMLMJQHIGFDQ09DA,鹿北段,1.12,都市：其他:道路用地,7203,100,持分移轉,14380000
RPPNMLMJQHIGFDQ09DA,鹿北段,2.80,都市：其他:住宅區,7203,100,持分移轉,14390000
RPPNMLMJQHIGFDQ09DA,鹿北段,.92,都市：其他:住宅區,7203,100,持分移轉,14390001
RPPOMLNJQHIGFBQ09DA,過路子段,41.00,非都市：特定專用區 ; 非都市編定：養殖用地,1,1,全筆移轉,07760016
RPPNMLMJQHIGFDQ09DA,鹿北段,.61,都市：其他:道路用地,7203,100,持分移轉,14390003
RPPOMLNJQHIGFBQ09DA,過路子段,93.00,非都市：特定專用區 ; 非都市編定：養殖用地,1,1,全筆移轉,08040027
RPPNMLMJQHIGFCQ98DA,民農段,25.34,都市：其他:農,1,1,全筆移轉,09200000
RPPNMLRKPHIGFDQ96DA,三和段,82.58,都市：其他:住宅區,1,1,全筆移轉,13730000
RPQOMLKKPHIGFCQ98DA,溪北段溪北小段,2229.00,非都市：特定農業區 ; 非都市編定：農牧用地,1,1,全筆移轉,11100001
RPQNMLNJQHIGFDQ66DA,新大崙段,109.87,非都市：鄉村區 ; 非都市編定：乙種建築用地,1,1,全筆移轉,03270000
RPQNMLNJQHIGFCQ66EA,民興段,9.04,都市：其他:住,6,1,持分移轉,03770000
RPQNMLNJQHIGFCQ66EA,民興段,9.12,都市：其他:住,6,1,持分移轉,03780000
RPQNMLNJQHIGFCQ66EA,民興段,8.56,都市：其他:住,6,1,持分移轉,03790000
RPQNMLNJQHIGFCQ66EA,民興段,9.62,都市：其他:住,6,1,持分移轉,03800000
RPQNMLNJQHIGFCQ66EA,民興段,.20,都市：其他:附１,12,1,持分移轉,03830000
RPQNMLNJQHIGFCQ66EA,民興段,42.31,都市：其他:住,6,1,持分移轉,03840000
RPPNMLRJQHIGFEQ17EA,梅東段,67.00,都市：其他:農,1,1,全筆移轉,17580000
RPQNMLSJQHIGFEQ37EA,樟樹坪段,165.55,非都市：山坡地保育區 ; 非都市編定：丙種建築用地,840,42,持分移轉,07330000
RPQNMLSJQHIGFEQ37EA,樟樹坪段,12.55,非都市：山坡地保育區 ; 非都市編定：丙種建築用地,840,42,持分移轉,07330001
RPQNMLSJQHIGFEQ37EA,樟樹坪段,5.95,非都市：山坡地保育區 ; 非都市編定：丙種建築用地,840,42,持分移轉,07330002
RPQNMLSJQHIGFEQ37EA,樟樹坪段,144.49,非都市：山坡地保育區 ; 非都市編定：農牧用地,400,29,持分移轉,07340000
RPPNMLSJQHIGFCQ07EA,西結段,692.19,非都市：鄉村區 ; 非都市編定：乙種建築用地,13056,1017,持分移轉,01950000
RPPNMLSJQHIGFBQ96EA,東岑段,94.45,非都市：鄉村區 ; 非都市編定：乙種建築用地,1,1,全筆移轉,07800000
RPPNMLOJQHIGFCQ66EA,興南段,87.33,都市：其他:住,1,1,全筆移轉,01590000
RPPNMLMJQHIGFEQ56DA,番路段,47.50,非都市：鄉村區 ; 非都市編定：乙種建築用地,2,1,持分移轉,05160041
RPPNMLLMPHIGFDQ56DA,石頭厝段,363.00,非都市：特定農業區 ; 非都市編定：礦業用地,1,1,全筆移轉,01870030
RPPNMLQJQHIGFDQ86DA,安家厝段,31.12,非都市：特定農業區 ; 非都市編定：甲種建築用地,100000,2217,持分移轉,16070000
RPPPMLMJQHIGFDQ66DA,柳新段,767.69,非都市：一般農業區 ; 非都市編定：水利用地,2,1,持分移轉,03790000
RPPPMLMJQHIGFDQ66DA,柳新段,1760.01,非都市：一般農業區 ; 非都市編定：水利用地,2,1,持分移轉,03810000
RPQPMLMJQHIGFDQ76DA,柳新段,2510.05,非都市：一般農業區 ; 非都市編定：水利用地,1,1,全筆移轉,03800000
RPSPMLMJQHIGFDQ96DA,柳新段,859.99,非都市：一般農業區 ; 非都市編定：水利用地,24,2,持分移轉,03820000
RPXPMLMJQHIGFDQ47DA,柳新段,839.51,非都市：一般農業區 ; 非都市編定：水利用地,504,41,持分移轉,03820000
RPRPMLMJQHIGFDQ86DA,柳新段,429.99,非都市：一般農業區 ; 非都市編定：水利用地,24,1,持分移轉,03820000
RPOQMLMJQHIGFDQ66DA,柳新段,1576.65,非都市：一般農業區 ; 非都市編定：水利用地,504,77,持分移轉,03820000
RPWPMLMJQHIGFDQ37DA,柳新段,429.99,非都市：一般農業區 ; 非都市編定：水利用地,24,1,持分移轉,03820000
RPQNMLMJQHIGFDQ56DA,柳新段,310.81,非都市：一般農業區 ; 非都市編定：水利用地,3,1,持分移轉,03660000
RPSNMLMJQHIGFDQ76DA,柳新段,310.81,非都市：一般農業區 ; 非都市編定：水利用地,3,1,持分移轉,03660000
RPRNMLMJQHIGFDQ66DA,柳新段,310.81,非都市：一般農業區 ; 非都市編定：水利用地,3,1,持分移轉,03660000
RPTNMLMJQHIGFDQ86DA,柳新段,1040.43,非都市：一般農業區 ; 非都市編定：水利用地,1,1,全筆移轉,03670000
RPUNMLMJQHIGFDQ96DA,柳新段,852.13,非都市：一般農業區 ; 非都市編定：水利用地,1,1,全筆移轉,03740000
RPVNMLMJQHIGFDQ07DA,柳新段,3929.18,非都市：一般農業區 ; 非都市編定：水利用地,1,1,全筆移轉,03750000
RPXNMLMJQHIGFDQ27DA,柳新段,2290.21,非都市：一般農業區 ; 非都市編定：水利用地,1,1,全筆移轉,03760000
RPXNMLMJQHIGFDQ27DA,柳新段,391.54,非都市：一般農業區 ; 非都市編定：水利用地,7,1,持分移轉,03780000
RPOOMLMJQHIGFDQ09DA,塩舘段,478.00,非都市：特定農業區 ; 非都市編定：甲種建築用地,1,1,全筆移轉,02710031
RPQOMLMJQHIGFDQ66DA,柳新段,391.54,非都市：一般農業區 ; 非都市編定：水利用地,7,1,持分移轉,03780000
RPROMLMJQHIGFDQ76DA,柳新段,391.54,非都市：一般農業區 ; 非都市編定：水利用地,7,1,持分移轉,03780000
RPVOMLMJQHIGFDQ17DA,柳新段,391.54,非都市：一般農業區 ; 非都市編定：水利用地,7,1,持分移轉,03780000
RPUOMLMJQHIGFDQ07DA,柳新段,391.54,非都市：一般農業區 ; 非都市編定：水利用地,7,1,持分移轉,03780000
RPSOMLMJQHIGFDQ86DA,柳新段,391.54,非都市：一般農業區 ; 非都市編定：水利用地,7,1,持分移轉,03780000
RPWOMLMJQHIGFDQ27DA,柳新段,391.54,非都市：一般農業區 ; 非都市編定：水利用地,7,1,持分移轉,03780000
RPXOMLMJQHIGFDQ37DA,柳新段,767.69,非都市：一般農業區 ; 非都市編定：水利用地,2,1,持分移轉,03790000
RPXOMLMJQHIGFDQ37DA,柳新段,1760.01,非都市：一般農業區 ; 非都市編定：水利用地,2,1,持分移轉,03810000
RPQNMLQLPHIGFCQ96DA,潭底段潭底小段,23.86,都市：其他:住,100000,630,持分移轉,00610000
RPPNMLNLPHIGFCQ56DA,復興段,133.07,非都市：鄉村區 ; 非都市編定：乙種建築用地,108000,902,持分移轉,00990000
RPUNMLRJQHIGFCQ37DA,番子段番子小段,415.70,非都市：鄉村區 ; 非都市編定：乙種建築用地,1,1,全筆移轉,10710000
RPVNMLLMPHIGFBQ96DA,占富厝段,495.44,非都市：鄉村區 ; 非都市編定：乙種建築用地,1,1,全筆移轉,02810000
RPPNMLMJQHIGFBQ88DA,溪子下段溪子下小段,1225.33,非都市：一般農業區 ; 非都市編定：農牧用地,3,2,持分移轉,01350000
RPPNMLMJQHIGFBQ88DA,溪子下段溪子下小段,1378.67,非都市：一般農業區 ; 非都市編定：農牧用地,3,2,持分移轉,01360000
RPPNMLMJQHIGFBQ88DA,下揖子寮段下揖小段,681.33,非都市：一般農業區 ; 非都市編定：農牧用地,3,2,持分移轉,02670000
RPRNMLRJQHIGFCQ07DA,豐收段,18.78,非都市：鄉村區 ; 非都市編定：乙種建築用地,5000,105,持分移轉,12640000
RPSNMLMJQHIGFBQ56DA,埤子頭段埤前小段,2478.00,非都市：特定農業區 ; 非都市編定：農牧用地,1,1,全筆移轉,06160000
RPXNMLLJQHIGFBQ96DA,六腳段六南小段,1504.00,非都市：特定農業區 ; 非都市編定：農牧用地,1,1,全筆移轉,02120000
RPXNMLLJQHIGFBQ96DA,六腳段六南小段,1504.00,非都市：特定農業區 ; 非都市編定：農牧用地,1,1,全筆移轉,02130000
RPPNMLKKQHIGFBQ78DA,蘇厝段,169.65,非都市：一般農業區 ; 非都市編定：水利用地,2,1,持分移轉,12940000
RPPNMLKKQHIGFBQ78DA,蘇厝段,722.02,非都市：一般農業區 ; 非都市編定：農牧用地,2,1,持分移轉,13010000
RPQNMLSJQHIGFCQ07DA,新大埔美段,2.14,非都市：鄉村區 ; 非都市編定：乙種建築用地,16,1,持分移轉,17570000
RPQNMLSJQHIGFCQ07DA,新大埔美段,7.20,非都市：鄉村區 ; 非都市編定：乙種建築用地,16,1,持分移轉,17580000
RPQNMLSJQHIGFCQ07DA,新大埔美段,15.81,非都市：鄉村區 ; 非都市編定：乙種建築用地,16,1,持分移轉,17900000
RPQNMLSJQHIGFCQ07DA,新大埔美段,112.08,非都市：鄉村區 ; 非都市編定：乙種建築用地,1,1,全筆移轉,18020000
RPTNMLLJQHIGFCQ66DA,厝子段下厝小段,2636.00,非都市：特定農業區 ; 非都市編定：農牧用地,1,1,全筆移轉,01150000
RPPNMLLJQHIGFCQ88DA,豐收段,74.51,非都市：特定農業區 ; 非都市編定：甲種建築用地,1,1,全筆移轉,14320000
RPRNMLOJQHIGFCQ76DA,西林段,133.51,都市：其他:住,1,1,全筆移轉,08070001
RPPQMLMJQHIGFDQ76DA,柳新段,525.55,非都市：一般農業區 ; 非都市編定：水利用地,1512,77,持分移轉,03820000
RPSNMLSJQHIGFCQ27DA,溪口段溪口小段,1822.00,都市：其他:農,1,1,全筆移轉,03600000
RPQQMLMJQHIGFDQ86DA,柳新段,525.55,非都市：一般農業區 ; 非都市編定：水利用地,1512,77,持分移轉,03820000
RPRQMLMJQHIGFDQ96DA,柳新段,525.55,非都市：一般農業區 ; 非都市編定：水利用地,1512,77,持分移轉,03820000
RPSQMLMJQHIGFDQ07DA,柳新段,859.99,非都市：一般農業區 ; 非都市編定：水利用地,1512,126,持分移轉,03820000
RPTQMLMJQHIGFDQ17DA,柳新段,1576.65,非都市：一般農業區 ; 非都市編定：水利用地,1512,231,持分移轉,03820000
RPVQMLMJQHIGFDQ37DA,柳新段,20.48,非都市：一般農業區 ; 非都市編定：水利用地,1512,3,持分移轉,03820000
RPWQMLMJQHIGFDQ47DA,柳新段,45.46,非都市：一般農業區 ; 非都市編定：水利用地,4,1,持分移轉,03830000
RPUQMLMJQHIGFDQ27DA,柳新段,859.99,非都市：一般農業區 ; 非都市編定：水利用地,1512,126,持分移轉,03820000
RPXQMLMJQHIGFDQ57DA,柳新段,45.46,非都市：一般農業區 ; 非都市編定：水利用地,4,1,持分移轉,03830000
RPORMLMJQHIGFDQ76DA,柳新段,788.47,非都市：一般農業區 ; 非都市編定：水利用地,1,1,全筆移轉,03840000
RPPRMLMJQHIGFDQ86DA,柳新段,731.38,非都市：一般農業區 ; 非都市編定：水利用地,1,1,全筆移轉,03850000
RPRRMLMJQHIGFDQ07DA,柳新段,484.15,非都市：一般農業區 ; 非都市編定：水利用地,2,1,持分移轉,03860000
RPSRMLMJQHIGFDQ17DA,柳新段,914.88,非都市：一般農業區 ; 非都市編定：水利用地,1,1,全筆移轉,03870000
RPSRMLMJQHIGFDQ17DA,柳新段,461.10,非都市：一般農業區 ; 非都市編定：水利用地,1,1,全筆移轉,03950000
RPTPMLMJQHIGFDQ07DA,北興段,59.02,都市：其他:住宅區,3,2,持分移轉,12980000
RPQRMLMJQHIGFDQ96DA,柳新段,484.15,非都市：一般農業區 ; 非都市編定：水利用地,2,1,持分移轉,03860000
RPRNMLNJQHIGFDQ76DA,龍潭段,68.44,都市：其他:商業區,1,1,全筆移轉,03000000
RPPNMLSJQHIGFDQ17EA,新番子寮段,34.42,非都市：特定農業區 ; 非都市編定：甲種建築用地,5,1,持分移轉,18830000
RPPNMLSJQHIGFDQ17EA,新番子寮段,137.67,非都市：特定農業區 ; 非都市編定：甲種建築用地,5,1,持分移轉,18830001
RPRNMLTJQHIGFDQ47EA,龜佛山段重劃小段,921.00,非都市：特定農業區 ; 非都市編定：農牧用地,1,1,全筆移轉,12040000
RPPNMLLMPHIGFDQ66EA,南靖段南和小段,1055.00,非都市：特定農業區 ; 非都市編定：農牧用地,1,1,全筆移轉,14410003
RPSNMLQLPHIGFDQ27DA,隆興段,67.36,都市：其他:住宅區,1,1,全筆移轉,04970000
RPQNMLTJQHIGFCQ17DA,游厝段游東小段,259.83,非都市：特定農業區 ; 非都市編定：甲種建築用地,12,1,持分移轉,05160000
RPPNMLNJQHIGFBQ98DA,潭子墘段潭墘小段,1190.00,非都市：特定農業區 ; 非都市編定：農牧用地,2,1,持分移轉,06100000
RPUNMLNJQHIGFCQ96DA,水頭段,34.33,非都市：鄉村區 ; 非都市編定：乙種建築用地,1,1,全筆移轉,09450000
RPSNMLTJQHIGFCQ37DA,排子路段排子路小段,868.00,非都市：特定農業區 ; 非都市編定：農牧用地,995,868,持分移轉,00850000
RPUNMLNJQHIGFCQ96DA,水頭段,36.88,非都市：鄉村區 ; 非都市編定：乙種建築用地,1,1,全筆移轉,09470000
RPSNMLNJQHIGFBQ66DA,菜舖廍段新吉小段,1087.00,非都市：一般農業區 ; 非都市編定：農牧用地,1,1,全筆移轉,05700000
SPSNMLNJQHIGFBQ76DA,菜舖廍段新吉小段,1327.00,非都市：一般農業區 ; 非都市編定：農牧用地,1,1,全筆移轉,08340000
TPSNMLNJQHIGFBQ86DA,西後寮段西榮小段,3600.00,非都市：特定農業區 ; 非都市編定：農牧用地,1,1,全筆移轉,02650000
RPPNMLLKQHIGFBQ88DA,頂東石段黎明小段,136.25,非都市：特定專用區 ; 非都市編定：甲種建築用地,1,1,全筆移轉,00940013
RPPNMLLKQHIGFBQ88DA,頂東石段黎明小段,136.25,非都市：特定專用區 ; 非都市編定：甲種建築用地,1,1,全筆移轉,00940014
RPRNMLKKQHIGFBQ98DA,安溪寮段平溪小段,1465.00,非都市：特定專用區 ; 非都市編定：養殖用地,1,1,全筆移轉,05060000
RPRNMLLMPHIGFBQ56DA,平和段,150.00,都市：其他:住宅區,1,1,全筆移轉,01600000
RPQNMLLKQHIGFBQ98DA,溪墘厝段正義小段,2262.00,非都市：特定農業區 ; 非都市編定：農牧用地,1,1,全筆移轉,04000000
RPPNMLNJQHIGFDQ56DA,石頭厝段,122.00,非都市：特定農業區 ; 非都市編定：礦業用地,1,1,全筆移轉,01870031
RPOPMLMJQHIGFDQ56DA,過溝段工業小段,2691.00,都市：其他:工業區,1,1,全筆移轉,00650000
RPQOMLKKQHIGFDQ56DA,大崙段重劃小段,2000.00,非都市：特定農業區 ; 非都市編定：農牧用地,1,1,全筆移轉,03630000
RPQNMLTJQHIGFDQ27DA,嘉新段,85.41,都市：其他:住宅區,1,1,全筆移轉,00150021
RPQNMLTJQHIGFDQ27DA,嘉新段,19.83,都市：其他:住宅區,10000,987,持分移轉,00150029
RPPNMLKKQHIGFCQ98EA,明和段,92.21,都市：其他:住,1,1,全筆移轉,02550002
RPSOMLKKQHIGFDQ76DA,太頂珠段,42.25,都市：其他:住宅區,100000,301,持分移轉,00240004
RPWOMLLKQHIGFBQ17EA,六腳新段,13.18,非都市：特定農業區 ; 非都市編定：水利用地,14,1,持分移轉,00480000
RPQNMLOKQHIGFDQ96EA,埤鄉東段,3809.63,,1,1,全筆移轉,02060000
RPQNMLOKQHIGFDQ96EA,埤鄉東段,1125.71,,1,1,全筆移轉,02090000
RPPNMLOJQHIGFEQ76DA,內甕段,3.07,都市：其他:住宅區,73,1,持分移轉,00140013
RPPNMLTJQHIGFDQ27EA,中興段,81.96,都市：其他:住宅區,1,1,全筆移轉,06350000
RPPNMLOJQHIGFEQ76DA,內甕段,1.67,都市：其他:住宅區,73,1,持分移轉,00160000
RPPNMLOJQHIGFEQ76DA,內甕段,11.77,都市：其他:農業區,73,1,持分移轉,00160019
RPPNMLOJQHIGFEQ76DA,內甕段,97.00,都市：其他:住宅區,1,1,全筆移轉,00160068
RPRNMLOKQHIGFCQ96EA,溪北段溪北小段,1500.00,非都市：特定農業區 ; 非都市編定：農牧用地,1,1,全筆移轉,03690000
RPPNMLOJQHIGFEQ76DA,內甕段,24.96,都市：其他:住宅區,10000,464,持分移轉,00160075
RPPNMLOJQHIGFEQ76DA,內甕段,9.73,都市：其他:住宅區,73,1,持分移轉,00160108
RPPNMLOJQHIGFEQ76DA,內甕段,1.33,都市：其他:住宅區,73,1,持分移轉,00160117
RPPNMLLKQHIGFDQ56EA,佳興段,.11,都市：其他:道路,225,1,持分移轉,05280000
RPPNMLLKQHIGFDQ56EA,佳興段,.12,都市：其他:道路,250,1,持分移轉,05320000
RPPNMLLKQHIGFDQ56EA,佳興段,23.59,都市：其他:道路,506,21,持分移轉,05340000
RPPNMLLKQHIGFDQ56EA,佳興段,1.13,,250,2,持分移轉,05350010
RPPNMLLKQHIGFDQ56EA,佳興段,184.48,,1,1,全筆移轉,05350013
RPPNMLLKQHIGFDQ56EA,佳興段,.53,都市：其他:農業區,2500000,3180,持分移轉,05360005
RPTOMLKKQHIGFDQ86DA,龍山脚段,7735.00,非都市：山坡地保育區 ; 非都市編定：農牧用地,1,1,全筆移轉,00320001
RPQNMLOKQHIGFDQ86DA,下潭新段,21.71,非都市：鄉村區 ; 非都市編定：乙種建築用地,1,1,全筆移轉,09510000
RPQNMLOKQHIGFDQ86DA,下潭新段,23.17,非都市：鄉村區 ; 非都市編定：乙種建築用地,1,1,全筆移轉,09520000
RPRNMLMLPHIGFBQ56DA,九江段,84.76,都市：其他:商業區,1,1,全筆移轉,07340001
RPRNMLLJQHIGFCQ09DA,民農段,46.81,都市：其他:農,1,1,全筆移轉,00720000
RPRNMLLJQHIGFCQ09DA,民農段,41.99,都市：其他:農,1,1,全筆移轉,00730000
RPVNMLMJQHIGFCQ96DA,潭底段潭底小段,24.17,都市：其他:住,100000,638,持分移轉,00610000
RPPNMLPKQHIGFCQ86EA,義興段,100.56,都市：其他:農,1,1,全筆移轉,05450000
RPPNMLPKQHIGFBQ76EA,新寮段,9.92,都市：其他:住宅區,1,1,全筆移轉,07740004
RPRNMLOKQHIGFCQ86DA,福興段,67.04,非都市：鄉村區 ; 非都市編定：乙種建築用地,1,1,全筆移轉,03970000
RPPNMLOKQHIGFDQ76DA,和美段,79.88,都市：其他:住宅區,1,1,全筆移轉,10680000
RPPNMLOKQHIGFEQ86DA,崎腳段,74.83,非都市：一般農業區 ; 非都市編定：甲種建築用地,54,3,持分移轉,01740000
RPPNMLOKQHIGFEQ86DA,崎腳段,505.18,非都市：一般農業區 ; 非都市編定：甲種建築用地,18,3,持分移轉,01740002
RPWNMLLKQHIGFCQ07DA,新興段新興小段,19.45,都市：其他:住,10000,639,持分移轉,01270004
RPWNMLLKQHIGFCQ07DA,新興段新興小段,93.60,都市：其他:住,1,1,全筆移轉,01270007
RPTNMLLJQHIGFEQ86DA,溪心段,107.91,非都市：一般農業區 ; 非都市編定：甲種建築用地,1,1,全筆移轉,07840000
RPPNMLLJQHIGFDQ98DA,中庄段,111.28,非都市：鄉村區 ; 非都市編定：乙種建築用地,1,1,全筆移轉,15130000
RPPNMLLJQHIGFDQ98DA,中庄段,24.93,非都市：鄉村區 ; 非都市編定：乙種建築用地,1,1,全筆移轉,15140000
RPPNMLQKQHIGFCQ96EA,菁埔段菁埤小段,2578.00,非都市：特定農業區 ; 非都市編定：農牧用地,1,1,全筆移轉,01460000
RPSNMLPKQHIGFCQ17EA,菁埔段菁埔小段,2879.00,非都市：特定農業區 ; 非都市編定：農牧用地,1,1,全筆移轉,10330000
RPSNMLSJQHIGFBQ17DA,崁後段北崁小段,3172.00,非都市：特定農業區 ; 非都市編定：農牧用地,1,1,全筆移轉,01730005
RPPNMLTJQHIGFBQ96DA,朴工段,82.50,非都市：工業區 ; 非都市編定：丁種建築用地,2,1,持分移轉,00550000
RPQNMLQKQHIGFBQ86DA,德安段,221.55,都市：其他:住宅區,1,1,全筆移轉,03730001
RPVNMLKKQHIGFCQ86DA,福興段,99.52,非都市：鄉村區 ; 非都市編定：乙種建築用地,10000,233,持分移轉,04930000
RPVNMLKKQHIGFCQ86DA,福興段,1.01,非都市：鄉村區 ; 非都市編定：乙種建築用地,10000,233,持分移轉,05100000
RPPNMLRJQHIGFCQ86DA,上崙段妙崙小段,3003.00,非都市：特定農業區 ; 非都市編定：農牧用地,1,1,全筆移轉,06930000
RPSNMLNKPHIGFCQ76DA,崙子段崙子小段,406.67,非都市：特定農業區 ; 非都市編定：農牧用地,3,1,持分移轉,03730000
RPSNMLNKPHIGFCQ76DA,復興段,2831.08,非都市：一般農業區 ; 非都市編定：水利用地,3,1,持分移轉,05530000
RPSNMLNKPHIGFCQ76DA,復興段,2124.33,非都市：一般農業區 ; 非都市編定：水利用地,3,1,持分移轉,05540000
RPSNMLNKPHIGFCQ76DA,復興段,2774.22,非都市：一般農業區 ; 非都市編定：水利用地,3,1,持分移轉,05550000
RPSNMLNKPHIGFCQ76DA,復興段,600.01,非都市：特定農業區 ; 非都市編定：農牧用地,3,1,持分移轉,09310000
RPSNMLNKPHIGFCQ76DA,復興段,455.01,非都市：特定農業區 ; 非都市編定：農牧用地,3,1,持分移轉,09330000
RPQNMLLKQHIGFCQ09DA,上崙段柳二小段,684.60,非都市：特定農業區 ; 非都市編定：農牧用地,2,1,持分移轉,00690000
RPXNMLOKQHIGFCQ47DA,世興段,88.15,都市：其他:住,1,1,全筆移轉,00760000
RPTNMLQKQHIGFCQ27DA,民雄段,1191.00,都市：其他:農,1,1,全筆移轉,07790000
RPXNMLOKQHIGFCQ47DA,世興段,11.78,都市：其他:道路,1,1,全筆移轉,00770000
RPTNMLPKQHIGFCQ17DA,金興段,59.89,都市：其他:住,1,1,全筆移轉,07350000
RPTNMLPKQHIGFCQ17DA,金興段,5.33,都市：其他:住,1,1,全筆移轉,07360000
RPTNMLPKQHIGFCQ17DA,金興段,16.18,,1,1,全筆移轉,07370000
RPVNMLQKQHIGFCQ47DA,民雄段,880.00,都市：其他:農,1,1,全筆移轉,07790002
RPQNMLNJQHIGFCQ56DA,後庄段後庄小段,2038.00,非都市：特定農業區 ; 非都市編定：農牧用地,1,1,全筆移轉,00930001
RPSNMLRKQHIGFBQ17DA,竹子腳段竹嘉小段,2444.00,非都市：特定農業區 ; 非都市編定：農牧用地,1,1,全筆移轉,16740000
RPPNMLOKQHIGFBQ56DA,平和段,35.66,都市：其他:商業區,10000,258,持分移轉,03900000
RPUNMLPKQHIGFCQ37EA,三村段,146.23,非都市：鄉村區 ; 非都市編定：乙種建築用地,1,1,全筆移轉,03770000
RPUNMLPKQHIGFCQ37EA,三村段,81.76,非都市：鄉村區 ; 非都市編定：乙種建築用地,1,1,全筆移轉,03780000
RPUNMLPKQHIGFCQ37EA,三村段,259.82,非都市：鄉村區 ; 非都市編定：乙種建築用地,1,1,全筆移轉,03800000
RPUNMLPKQHIGFCQ37EA,三村段,245.53,非都市：鄉村區 ; 非都市編定：乙種建築用地,1,1,全筆移轉,03810000
RPXNMLQKQHIGFCQ67DA,福南段,22.74,都市：其他:住,10000,51,持分移轉,02130000
RPQNMLLJQHIGFDQ56EA,龍潭段,.38,,1136,11,持分移轉,09120000
RPQNMLLJQHIGFDQ56EA,龍潭段,4.60,,1136,11,持分移轉,09240000
RPQNMLLJQHIGFDQ56EA,龍潭段,98.36,都市：其他:住宅區,1,1,全筆移轉,09350000
RPQNMLLJQHIGFDQ56EA,龍潭段,9.10,,1,1,全筆移轉,09350001
RPQNMLLJQHIGFDQ56EA,龍潭段,2.30,都市：其他:住宅區,5,1,持分移轉,09550000
RPPNMLSLPHIGFDQ17DA,麻寮段,80.78,都市：其他:住宅區,1,1,全筆移轉,05990015
RPTNMLKLPHIGFDQ76DA,粗溪新段,1005.25,非都市：特定農業區 ; 非都市編定：農牧用地,1,1,全筆移轉,06520000
RPPNMLQKQHIGFDQ96DA,嘉新段,18.34,都市：其他:商業區,20,1,持分移轉,07220011
RPPNMLQKQHIGFDQ96DA,嘉新段,131.73,都市：其他:商業區,1,1,全筆移轉,07220022
RPQNMLPKQHIGFDQ96DA,嘉保段,2.67,都市：其他:第二種住宅區,10000,167,持分移轉,00840000
RPQNMLPKQHIGFDQ96DA,嘉保段,2.67,都市：其他:第二種住宅區,10000,167,持分移轉,00840001
RPQNMLPKQHIGFDQ96DA,嘉保段,2.67,都市：其他:第二種住宅區,10000,167,持分移轉,00880000
RPQNMLPKQHIGFDQ96DA,嘉保段,2.67,都市：其他:第二種住宅區,10000,167,持分移轉,00880001
RPQNMLLKQHIGFDQ56DA,中庄段,91.08,非都市：鄉村區 ; 非都市編定：乙種建築用地,1,1,全筆移轉,19880000
RPPNMLQKQHIGFDQ07EA,忠義段,47.96,都市：其他:住宅區,20,10,持分移轉,02000000
RPPNMLOJQHIGFDQ66DA,鹿北段,224.75,都市：其他:農業區,2,1,持分移轉,00450000
RPRNMLOJQHIGFDQ86DA,鹿北段,8.54,都市：其他:農業區,2,1,持分移轉,00460000
RPPNMLQKQHIGFEQ07DA,瓦厝埔段,514.00,非都市：山坡地保育區 ; 非都市編定：農牧用地,1,1,全筆移轉,11610000
RPPNMLKKQHIGFEQ09DA,番路段,475.00,非都市：山坡地保育區 ; 非都市編定：農牧用地,1,1,全筆移轉,03250004
RPPNMLKKQHIGFEQ09DA,番路段,1576.00,非都市：山坡地保育區 ; 非都市編定：農牧用地,1,1,全筆移轉,03250005
RPXNMLTKPHIGFDQ97DA,大崙段新興小段,264.00,非都市：鄉村區 ; 非都市編定：乙種建築用地,12,11,持分移轉,01020010
RPVNMLPKQHIGFDQ47DA,忠義段,262.10,都市：其他:農業區,1,1,全筆移轉,01840000
RPQNMLOLPHIGFDQ86DA,田尾段田尾小段,403.83,非都市：特定農業區 ; 非都市編定：農牧用地,6,1,持分移轉,02760000
RPVNMLPKQHIGFDQ47DA,忠義段,5.24,都市：其他:農業區,1,1,全筆移轉,01860000
RPVNMLPKQHIGFDQ47DA,忠義段,151.06,都市：其他:住宅區,1,1,全筆移轉,01870000
RPTOMLQKQHIGFDQ47DA,中興段,118.49,都市：其他:住宅區,1,1,全筆移轉,03570000
RPQNMLRKQHIGFDQ27EA,水上段水上小段,945.50,都市：其他:農業區,2,1,持分移轉,02550002
RPPNMLSKQHIGFCQ17EA,頂寮段中廣小段,43.23,非都市：鄉村區 ; 非都市編定：乙種建築用地,120,19,持分移轉,03460000
RPPNMLSKQHIGFCQ17EA,新大埔美段,121.54,非都市：鄉村區 ; 非都市編定：乙種建築用地,15,1,持分移轉,17290000
RPPNMLSKQHIGFCQ17EA,新大埔美段,30.51,非都市：鄉村區 ; 非都市編定：交通用地,15,1,持分移轉,17300000
RPWNMLOKQHIGFCQ37DA,新庄段,66.30,都市：其他:農,1,1,全筆移轉,22650000
RPUNMLMKPHIGFDQ96DA,龍山脚段,2.53,非都市：特定農業區 ; 非都市編定：交通用地,15,1,持分移轉,00850001
RPUNMLMKPHIGFDQ96DA,龍山脚段,1.02,非都市：鄉村區 ; 非都市編定：交通用地,216,5,持分移轉,00900002
RPUNMLMKPHIGFDQ96DA,龍山脚段,23.27,非都市：特定農業區 ; 非都市編定：交通用地,15,1,持分移轉,01410011
RPRNMLKKPHIGFDQ09DA,龍山脚段,12.67,非都市：特定農業區 ; 非都市編定：交通用地,15,5,持分移轉,00850001
RPRNMLKKPHIGFDQ09DA,龍山脚段,116.33,非都市：特定農業區 ; 非都市編定：交通用地,15,5,持分移轉,01410011
RPSNMLPKQHIGFCQ07DA,舊南港段南港小段,3643.00,非都市：特定農業區 ; 非都市編定：農牧用地,1,1,全筆移轉,01420000
RPQNMLSKQHIGFCQ27EA,田中央段,3120.00,非都市：特定農業區 ; 非都市編定：農牧用地,1,1,全筆移轉,10850000
RPQNMLKKPHIGFDQ98DA,龍山脚段,2.53,非都市：特定農業區 ; 非都市編定：交通用地,15,1,持分移轉,00850001
RPQNMLKKPHIGFDQ98DA,龍山脚段,.81,非都市：鄉村區 ; 非都市編定：交通用地,54,1,持分移轉,00900002
RPQNMLKKPHIGFDQ98DA,龍山脚段,23.27,非都市：特定農業區 ; 非都市編定：交通用地,15,1,持分移轉,01410011
RPWNMLQLPHIGFDQ67DA,龜佛山段重劃小段,3000.00,非都市：特定農業區 ; 非都市編定：農牧用地,1,1,全筆移轉,00730000
RPXOMLSKQHIGFDQ08DA,南靖段南和小段,3395.00,非都市：特定農業區 ; 非都市編定：農牧用地,1,1,全筆移轉,16860000
RPSNMLQKQHIGFDQ27DA,麻寮段,7.95,都市：其他:住宅區,30,6,持分移轉,10370000
RPSNMLQKQHIGFDQ27DA,麻寮段,180.06,都市：其他:住宅區,1,1,全筆移轉,10410000
RPSNMLQKQHIGFDQ27DA,麻寮段,425.16,都市：其他:住宅區,135879,42516,持分移轉,10600000
RPPNMLNJQHIGFCQ09DA,永祿段,28.41,都市：其他:農,432,34,持分移轉,09470000
RPPNMLNJQHIGFCQ09DA,永祿段,18.00,都市：其他:住,229,18,持分移轉,09500000
RPPNMLNJQHIGFCQ09DA,永祿段,12.00,都市：其他:住,156,12,持分移轉,09500007
RPPNMLNJQHIGFCQ09DA,永祿段,46.75,,432,34,持分移轉,09680000
RPPNMLNJQHIGFCQ09DA,永祿段,47.60,都市：其他:住,5960,476,持分移轉,09790004
RPPNMLNJQHIGFCQ09DA,永祿段,307.00,都市：其他:住,1,1,全筆移轉,09790009
RPPNMLNJQHIGFCQ09DA,永祿段,5.27,,432,34,持分移轉,09800000
RPPNMLNJQHIGFCQ09DA,永祿段,2.12,都市：其他:住,432,34,持分移轉,10720000
RPSNMLRKQHIGFDQ37DA,過溝段過溝小段,2560.00,都市：其他:農業區,1,1,全筆移轉,07630000
RPQNMLSJQHIGFDQ17DA,崎子頭段崎子頭小段,3176.00,都市：其他:農業區,1,1,全筆移轉,00500000
RPQNMLSJQHIGFDQ17DA,崎子頭段崎子頭小段,33.00,都市：其他:鐵路用地,1,1,全筆移轉,00500001
RPTNMLLLQHIGFBQ76DA,新庄段大館小段,2095.00,非都市：特定農業區 ; 非都市編定：農牧用地,1,1,全筆移轉,00860000
RPTNMLLLQHIGFBQ76DA,新庄段大館小段,2096.00,非都市：特定農業區 ; 非都市編定：農牧用地,1,1,全筆移轉,00860001
RPQNMLSKQHIGFBQ07DA,小槺榔段槺榔小段,2510.00,非都市：特定農業區 ; 非都市編定：農牧用地,1,1,全筆移轉,01140000
RPQNMLSKQHIGFBQ07DA,小槺榔段槺榔小段,2510.00,非都市：特定農業區 ; 非都市編定：農牧用地,1,1,全筆移轉,01140002
RPQNMLOJQHIGFBQ56DA,嘉朴段,5.87,都市：其他:住宅區,100000,102,持分移轉,02620000
RPPOMLLKQHIGFCQ09DA,頂林頭段,21.95,非都市：鄉村區 ; 非都市編定：乙種建築用地,11575,518,持分移轉,06280000
RPPOMLLKQHIGFCQ09DA,頂林頭段,97.87,非都市：鄉村區 ; 非都市編定：乙種建築用地,1,1,全筆移轉,06310000
RPTNMLQLPHIGFCQ27DA,世興段,.78,都市：其他:住,10000,41,持分移轉,08510001
RPTNMLQLPHIGFCQ27DA,世興段,30.38,都市：其他:住,10000,41,持分移轉,08570001
RPQNMLKKQHIGFCQ98DA,上崙段柳二小段,437.00,非都市：特定農業區 ; 非都市編定：甲種建築用地,27,9,持分移轉,02320000
RPPNMLNLQHIGFCQ66DA,頂林頭段,3608.83,非都市：特定農業區 ; 非都市編定：農牧用地,1,1,全筆移轉,03480000
RPRPMLMLQHIGFCQ96DA,福南段,39.24,都市：其他:住,10000,88,持分移轉,02130000
RPSNMLLLQHIGFCQ76DA,厝子段下厝小段,2050.00,非都市：特定農業區 ; 非都市編定：農牧用地,1,1,全筆移轉,05040000
RPSNMLLLQHIGFCQ76DA,好收段竹圍後小段,2507.00,非都市：特定農業區 ; 非都市編定：農牧用地,1,1,全筆移轉,10280000
RPXNMLMLQHIGFCQ37DA,新庄段,78.22,非都市：鄉村區 ; 非都市編定：乙種建築用地,1,1,全筆移轉,10160000
RPOOMLMLQHIGFCQ56DA,世興段,88.86,都市：其他:住,1,1,全筆移轉,06960000
RPSNMLKKQHIGFCQ56DA,番婆段,161.35,非都市：鄉村區 ; 非都市編定：乙種建築用地,136,26,持分移轉,04090000
RPPNMLRKQHIGFBQ86DA,嘉朴段,5.87,都市：其他:住宅區,100000,102,持分移轉,02620000
RPWNMLMLQHIGFBQ17DA,嘉朴段,114.80,都市：其他:第一種住宅區,1,1,全筆移轉,02180058
RPWNMLMLQHIGFBQ17DA,嘉朴段,.19,,54,1,持分移轉,02180069
RPPOMLMLQHIGFBQ56DA,頂東石段黎明小段,203.60,非都市：特定專用區 ; 非都市編定：甲種建築用地,1,1,全筆移轉,00950022
RPPNMLMLQHIGFDQ76EA,和睦段,4500.01,都市：其他:農業區,1,1,全筆移轉,04720000
RPQNMLMLQHIGFDQ86EA,十一指厝段龍德小段,1961.00,非都市：特定農業區 ; 非都市編定：農牧用地,1,1,全筆移轉,03780000
RPQNMLMLQHIGFDQ86EA,十一指厝段龍德小段,178.00,非都市：特定農業區 ; 非都市編定：農牧用地,1,1,全筆移轉,03790001
RPSNMLMLQHIGFDQ07EA,大崙段新興小段,29.88,非都市：鄉村區 ; 非都市編定：乙種建築用地,16,1,持分移轉,01020006
RPSNMLMLQHIGFDQ07EA,大崙段新興小段,288.00,非都市：鄉村區 ; 非都市編定：乙種建築用地,1,1,全筆移轉,01020009
RPRNMLLLQHIGFDQ76DA,安家厝段,141.18,非都市：特定農業區 ; 非都市編定：甲種建築用地,1,1,全筆移轉,16310005
RPQNMLLLQHIGFDQ66DA,安家厝段,31.08,非都市：特定農業區 ; 非都市編定：甲種建築用地,100000,2214,持分移轉,16070000
RPPNMLMLQHIGFDQ66DA,南靖段南和小段,1015.00,非都市：特定農業區 ; 非都市編定：農牧用地,1,1,全筆移轉,07720000
RPPNMLRJQHIGFDQ96DA,嘉太段,23.64,都市：其他:住宅區,19,1,持分移轉,01890000
RPPNMLRJQHIGFDQ96DA,嘉太段,74.58,都市：其他:住宅區,1,1,全筆移轉,01890019
RPPNMLRJQHIGFDQ96DA,嘉太段,.28,都市：其他:住宅區,19,1,持分移轉,01890023
RPTNMLOKQHIGFDQ17DA,竹頭崎段,2868.00,非都市：山坡地保育區 ; 非都市編定：農牧用地,1,1,全筆移轉,02800002
RPSNMLPLPHIGFDQ17DA,和雲段,94.18,非都市：鄉村區 ; 非都市編定：乙種建築用地,1,1,全筆移轉,07550000
RPVNMLMLQHIGFBQ07DA,建興段,85.59,非都市：鄉村區 ; 非都市編定：乙種建築用地,24,1,持分移轉,10460000
RPVNMLMLQHIGFBQ07DA,建興段,6.93,非都市：鄉村區 ; 非都市編定：乙種建築用地,17136,414,持分移轉,10730000
RPVNMLMLQHIGFBQ07DA,建興段,9.59,非都市：鄉村區 ; 非都市編定：乙種建築用地,10000,27,持分移轉,10760000
RPPNMLOLQHIGFCQ86EA,新庄段,47.23,非都市：鄉村區 ; 非都市編定：乙種建築用地,10000,36,持分移轉,07850000
RPPNMLNLQHIGFDQ86EA,和溪段,72.35,非都市：特定農業區 ; 非都市編定：甲種建築用地,10000,202,持分移轉,03760000
RPXNMLPLPHIGFDQ67DA,金蘭段,39.23,非都市：特定農業區 ; 非都市編定：甲種建築用地,15,1,持分移轉,04620000
RPPNMLMLQHIGFBQ09DA,鹿寮段,11683.48,非都市：特定專用區 ; 非都市編定：養殖用地,1,1,全筆移轉,03030003
RPXNMLPLPHIGFDQ67DA,金蘭段,122.81,非都市：特定農業區 ; 非都市編定：甲種建築用地,1,1,全筆移轉,04620001
RPXNMLPLPHIGFDQ67DA,金蘭段,.42,非都市：特定農業區 ; 非都市編定：甲種建築用地,17,1,持分移轉,04620008
RPXNMLPKQHIGFCQ57DA,陳厝寮段,130.00,非都市：一般農業區 ; 非都市編定：農牧用地,265,130,持分移轉,02810021
RPXNMLPKQHIGFCQ57DA,陳厝寮段,4834.00,都市：其他:農業區,1,1,全筆移轉,02810022
RPOOMLMLQHIGFDQ66DA,嘉太段,22.70,非都市：鄉村區 ; 非都市編定：乙種建築用地,3,1,持分移轉,08120000
RPPOMLMLQHIGFDQ76DA,嘉太段,236.66,非都市：鄉村區 ; 非都市編定：乙種建築用地,4,1,持分移轉,08150000
RPQNMLPLQHIGFDQ07DA,和雲段,76.49,非都市：鄉村區 ; 非都市編定：乙種建築用地,1,1,全筆移轉,15970000
RPPNMLSLQHIGFEQ47EA,樂野段,3580.00,非都市：山坡地保育區 ; 非都市編定：農牧用地,1,1,全筆移轉,00070000
RPPNMLSLQHIGFEQ47EA,樂野段,1070.00,非都市：山坡地保育區 ; 非都市編定：農牧用地,1,1,全筆移轉,00110000
RPPNMLSLQHIGFEQ47EA,樂野段,9368.00,非都市：山坡地保育區 ; 非都市編定：農牧用地,1,1,全筆移轉,00370000
RPPNMLSLQHIGFEQ47EA,樂野段,1440.00,非都市：山坡地保育區 ; 非都市編定：農牧用地,1,1,全筆移轉,00400000
RPSNMLSLQHIGFCQ57EA,東湖段,83.14,非都市：特定農業區 ; 非都市編定：甲種建築用地,1,1,全筆移轉,08420000
RPSNMLSLQHIGFCQ57EA,東湖段,16.27,非都市：特定農業區 ; 非都市編定：甲種建築用地,96,3,持分移轉,08460000
RPQNMLSLQHIGFBQ17DA,崁前段崁前小段,46.04,非都市：鄉村區 ; 非都市編定：乙種建築用地,2,1,持分移轉,01460031
RPSNMLOKQHIGFBQ86DA,鎮安段,108.00,都市：其他:住宅區,1,1,全筆移轉,12400000
RPOOMLQLPHIGFCQ86DA,新興段新興小段,106.13,都市：其他:住,1,1,全筆移轉,00710009
RPQNMLRLQHIGFCQ17DA,新三角段,98.10,非都市：鄉村區 ; 非都市編定：乙種建築用地,1,1,全筆移轉,08720000
RPQNMLRLQHIGFCQ17DA,新三角段,20.27,非都市：鄉村區 ; 非都市編定：乙種建築用地,32,1,持分移轉,08860000
RPPNMLTJPHIGFDQ07DA,過溝段過溝小段,16.11,都市：其他:住宅區,44,1,持分移轉,05090002
RPQNMLRJPHIGFDQ96DA,新埤段新埤小段,794.00,非都市：特定農業區 ; 非都市編定：農牧用地,1,1,全筆移轉,15330002
RPQNMLRJPHIGFDQ96DA,新埤段新埤小段,872.00,非都市：特定農業區 ; 非都市編定：農牧用地,1,1,全筆移轉,15340000
RPPNMLTJPHIGFDQ07DA,過溝段過溝小段,3.70,都市：其他:住宅區,44,1,持分移轉,05090003
RPPNMLTJPHIGFDQ07DA,過溝段過溝小段,75.00,都市：其他:住宅區,1,1,全筆移轉,05090039
RPTNMLSLQHIGFCQ57DA,福南段,107.38,都市：其他:住,30,1,持分移轉,04200000
RPUNMLOKQHIGFCQ17DA,潭底段潭底小段,131.00,都市：其他:住,1,1,全筆移轉,01510000
RPUNMLKKQHIGFCQ76DA,公園段,437.00,都市：其他:附,1,1,全筆移轉,04720000
RPPNMLPLQHIGFCQ86DA,中工段,99.00,非都市：工業區 ; 非都市編定：丁種建築用地,1,1,全筆移轉,00460009
RPPNMLSLQHIGFDQ37EA,埔美段,194.01,非都市：山坡地保育區 ; 非都市編定：丙種建築用地,10000,89,持分移轉,02880000
RPPNMLQKPHIGFEQ96DA,和平段,301.16,都市：其他:農業區,4,1,持分移轉,11100000
RPRNMLSLQHIGFBQ27DA,潭子墘段潭墘小段,2173.17,非都市：特定農業區 ; 非都市編定：農牧用地,18,17,持分移轉,02780000
RPRNMLSLQHIGFBQ27DA,潭子墘段潭墘小段,2888.11,非都市：特定農業區 ; 非都市編定：農牧用地,3109500,2936750,持分移轉,02780001
RPTNMLPLQHIGFDQ37DA,寬士段,96.18,非都市：鄉村區 ; 非都市編定：乙種建築用地,1,1,全筆移轉,05540000
RPRNMLTKPHIGFDQ37DA,金蘭段,39.23,非都市：特定農業區 ; 非都市編定：甲種建築用地,15,1,持分移轉,04620000
RPRNMLTKPHIGFDQ37DA,金蘭段,.42,非都市：特定農業區 ; 非都市編定：甲種建築用地,17,1,持分移轉,04620008
RPRNMLTKPHIGFDQ37DA,金蘭段,146.23,非都市：特定農業區 ; 非都市編定：甲種建築用地,1,1,全筆移轉,04620011
RPXNMLQLPHIGFDQ77DA,金蘭段,39.23,非都市：特定農業區 ; 非都市編定：甲種建築用地,30,2,持分移轉,04620000
RPXNMLQLPHIGFDQ77DA,金蘭段,.42,非都市：特定農業區 ; 非都市編定：甲種建築用地,34,2,持分移轉,04620008
RPXNMLQLPHIGFDQ77DA,金蘭段,210.81,非都市：特定農業區 ; 非都市編定：甲種建築用地,1,1,全筆移轉,04620012
RPVPMLMJQHIGFDQ27DA,寬士段,66.57,非都市：鄉村區 ; 非都市編定：乙種建築用地,1,1,全筆移轉,11970000
RPQNMLMKQHIGFBQ09DA,雙涵段雙涵小段,2759.00,非都市：特定農業區 ; 非都市編定：農牧用地,1,1,全筆移轉,00440002
RPRNMLMKQHIGFBQ56DA,雙涵段雙涵小段,2759.00,非都市：特定農業區 ; 非都市編定：農牧用地,1,1,全筆移轉,00440003
RPQNMLMLQHIGFBQ56DA,鎮安段,27.65,都市：其他:住宅區,14,1,持分移轉,18560000
RPQNMLMLQHIGFBQ56DA,鎮安段,70.70,都市：其他:住宅區,1,1,全筆移轉,18560001
RPSNMLQKQHIGFCQ17DA,崙尾段美南小段,4538.00,非都市：特定農業區 ; 非都市編定：農牧用地,1,1,全筆移轉,07030000
RPQNMLKMQHIGFCQ56DA,東湖段,196.85,非都市：特定農業區 ; 非都市編定：農牧用地,1,1,全筆移轉,18830002
RPUNMLSJQHIGFCQ47DA,五穀王段,133.67,都市：其他:住,1,1,全筆移轉,00780007
RPRNMLLJRHIGFEQ86EA,雙溪段,4.00,非都市：一般農業區 ; 非都市編定：交通用地,27,1,持分移轉,00430004
RPRNMLLJRHIGFEQ86EA,雙溪段,.33,非都市：一般農業區 ; 非都市編定：丙種建築用地,27,1,持分移轉,00430005
RPRNMLLJRHIGFEQ86EA,雙溪段,11.65,非都市：一般農業區 ; 非都市編定：丙種建築用地,54,1,持分移轉,00580000
RPQNMLTLQHIGFDQ47DA,南靖段南和小段,34.79,非都市：特定農業區 ; 非都市編定：甲種建築用地,10000,203,持分移轉,14900001
RPPNMLLJRHIGFCQ98DA,雙援段,2912.00,非都市：特定農業區 ; 非都市編定：農牧用地,1,1,全筆移轉,05440000
RPQPMLSKQHIGFDQ47DA,柳子林段柳林小段,1003.00,非都市：特定農業區 ; 非都市編定：農牧用地,2,1,持分移轉,01750000
RPVNMLLJRHIGFEQ27EA,梅東段,84.00,都市：其他:住,1,1,全筆移轉,16050007
RPSNMLLJRHIGFEQ96EA,大坪段,62.00,非都市：風景區 ; 非都市編定：交通用地,4,1,持分移轉,05110004
RPSNMLLJRHIGFEQ96EA,大坪段,41.75,非都市：風景區 ; 非都市編定：交通用地,4,1,持分移轉,05120001
RPWNMLMLQHIGFCQ27DA,大崎段,115.09,非都市：鄉村區 ; 非都市編定：乙種建築用地,1,1,全筆移轉,19440000
RPPNMLPJRHIGFEQ07EA,樂野段,2925.00,非都市：山坡地保育區 ; 非都市編定：農牧用地,1,1,全筆移轉,03790000
RPPNMLPJRHIGFEQ07EA,樂野段,450.00,非都市：山坡地保育區 ; 非都市編定：丙種建築用地,1,1,全筆移轉,03810000
RPRNMLPJRHIGFBQ86DA,五間厝段中厝小段,89.57,非都市：特定農業區 ; 非都市編定：農牧用地,184,8,持分移轉,01380000
RPRNMLPJRHIGFBQ86DA,五間厝段中厝小段,24.00,非都市：鄉村區 ; 非都市編定：乙種建築用地,1,1,全筆移轉,01430002
RPRNMLPJRHIGFBQ86DA,五間厝段中厝小段,105.43,非都市：特定農業區 ; 非都市編定：農牧用地,184,8,持分移轉,01440000
RPUOMLOKPHIGFDQ27DA,後潭段後潭小段,1152.00,非都市：特定農業區 ; 非都市編定：農牧用地,1,1,全筆移轉,03250000
RPPNMLPJRHIGFEQ96DA,內甕段,22.03,都市：其他:住宅區,10000,39,持分移轉,00970009
RPPNMLPJRHIGFEQ96DA,內甕段,1.05,都市：其他:保護區,10000,39,持分移轉,00970043
RPRNMLSJOHIGFCQ07EA,金興段,69.25,都市：其他:住,1,1,全筆移轉,02180000
RPRNMLSJOHIGFCQ07EA,金興段,13.26,都市：其他:住,2,1,持分移轉,02580000
RPROMLLJRHIGFDQ76DA,嘉新段,36.73,都市：其他:住宅區,1,1,全筆移轉,12820000
RPROMLLJRHIGFDQ76DA,嘉新段,48.01,都市：其他:住宅區,1,1,全筆移轉,12830000
RPPOMLTLQHIGFDQ47DA,後庄段,69.70,非都市：鄉村區 ; 非都市編定：乙種建築用地,1,1,全筆移轉,00530000
RPTNMLRJQHIGFCQ27DA,溪口段溪口小段,2630.00,都市：其他:農,1,1,全筆移轉,02000000
RPRNMLMJRHIGFDQ76DA,下寮新段,89.99,非都市：特定農業區 ; 非都市編定：甲種建築用地,1,1,全筆移轉,02970000
RPRNMLPJOHIGFDQ76DA,嘉保段,2.67,都市：其他:第二種住宅區,10000,167,持分移轉,00840000
RPRNMLPJOHIGFDQ76DA,嘉保段,2.67,都市：其他:第二種住宅區,10000,167,持分移轉,00840001
RPRNMLPJOHIGFDQ76DA,嘉保段,2.67,都市：其他:第二種住宅區,10000,167,持分移轉,00880000
RPRNMLPJOHIGFDQ76DA,嘉保段,2.67,都市：其他:第二種住宅區,10000,167,持分移轉,00880001
RPPNMLTJOHIGFBQ76DA,栗子崙段後埔小段,2489.00,非都市：一般農業區 ; 非都市編定：養殖用地,1,1,全筆移轉,00270000
RPPNMLSJOHIGFBQ66DA,新民段,1478.87,非都市：特定專用區 ; 非都市編定：養殖用地,4434,3034,持分移轉,02550000
RPRNMLSJOHIGFDQ07DA,隆恩段,1134.20,非都市：特定農業區 ; 非都市編定：農牧用地,1,1,全筆移轉,13000001
RPSNMLSJOHIGFDQ17DA,寬士段,133.84,非都市：鄉村區 ; 非都市編定：乙種建築用地,1,1,全筆移轉,08280000
RPQNMLTJOHIGFDQ07DA,白鴿厝段白鴿小段,3335.00,非都市：特定農業區 ; 非都市編定：農牧用地,2,1,持分移轉,01190000
RPWNMLTJOHIGFDQ67DA,龍德段,236.46,非都市：鄉村區 ; 非都市編定：乙種建築用地,1,1,全筆移轉,07780000
RPRNMLTJOHIGFDQ17DA,白鴿厝段白鴿小段,3798.00,非都市：特定農業區 ; 非都市編定：農牧用地,1,1,全筆移轉,01180000
RPPNMLTJOHIGFDQ96DA,下塗溝段下塗溝小段,1701.00,非都市：特定農業區 ; 非都市編定：農牧用地,1,1,全筆移轉,00430000
RPPNMLTJOHIGFDQ96DA,下塗溝段,689.00,非都市：特定農業區 ; 非都市編定：農牧用地,1,1,全筆移轉,00820001
RPPNMLTJOHIGFDQ96DA,下塗溝段,1240.00,非都市：特定農業區 ; 非都市編定：農牧用地,1,1,全筆移轉,00820007
RPVNMLPJOHIGFEQ27DA,番路段,2433.00,非都市：山坡地保育區 ; 非都市編定：農牧用地,1,1,全筆移轉,00520029
RPQNMLNJOHIGFEQ56DA,大坪段,2500.00,非都市：山坡地保育區 ; 非都市編定：農牧用地,1,1,全筆移轉,00400014
RPQNMLNKOHIGFBQ98DA,新店新段,44.23,非都市：鄉村區 ; 非都市編定：乙種建築用地,1,1,全筆移轉,00960000
RPPNMLNJOHIGFEQ09DA,大湖段,1190.00,非都市：森林區 ; 非都市編定：農牧用地,1,1,全筆移轉,00930011
RPQNMLOKOHIGFBQ09DA,傳芳段,121.10,都市：其他:住宅區,1,1,全筆移轉,01490000
RPQNMLOKOHIGFBQ09DA,傳芳段,4.30,都市：其他:住宅區,10,1,持分移轉,01490008
RPPNMLPKOHIGFBQ09DA,嘉塭段,90.13,非都市：鄉村區 ; 非都市編定：乙種建築用地,1,1,全筆移轉,04800000
RPUNMLNKOHIGFBQ76DA,崁後段南崁小段,3010.00,非都市：特定農業區 ; 非都市編定：農牧用地,1,1,全筆移轉,06310000
RPQNMLMKOHIGFBQ88DA,嘉朴段,5.87,都市：其他:住宅區,100000,102,持分移轉,02620000
RPSNMLQKOHIGFCQ96DA,新大埔美段,161.69,非都市：鄉村區 ; 非都市編定：乙種建築用地,300,25,持分移轉,16430000
RPQNMLOKOHIGFDQ76EA,東新段,371.51,都市：其他:農業區,4,1,持分移轉,05630000
RPPNMLOKOHIGFDQ66EA,東新段,25.29,都市：其他:住宅區,3,1,持分移轉,06540000
RPPNMLPKOHIGFDQ76EA,嘉新段,22.18,,2,1,持分移轉,12170000
RPPNMLPKOHIGFDQ76EA,嘉新段,50.99,,2624,272,持分移轉,12490000
RPQNMLPKOHIGFDQ86EA,嘉新段,77.60,,1,1,全筆移轉,12450000
RPQNMLPKOHIGFDQ86EA,嘉新段,3.98,,1,1,全筆移轉,12500000
RPQNMLPKOHIGFDQ86EA,嘉新段,4.84,,12,1,持分移轉,12510000
RPRNMLPKOHIGFDQ96EA,嘉新段,30.76,,24,3,持分移轉,12460000
RPRNMLPKOHIGFDQ96EA,嘉新段,25.12,,2624,134,持分移轉,12490000
RPTNMLPKOHIGFDQ17EA,嘉新段,10.25,,24,1,持分移轉,12460000
RPUNMLPKOHIGFDQ27EA,嘉新段,10.25,,24,1,持分移轉,12460000
RPSNMLPKOHIGFDQ07EA,嘉新段,30.76,,24,3,持分移轉,12460000
RPSNMLPKOHIGFDQ07EA,嘉新段,25.12,,2624,134,持分移轉,12490000
RPVNMLPKOHIGFDQ37EA,嘉新段,50.99,,2624,272,持分移轉,12490000
RPWNMLPKOHIGFDQ47EA,嘉新段,50.99,,2624,272,持分移轉,12490000
RPQNMLQKOHIGFDQ86DA,牛稠埔段,2170.00,非都市：一般農業區 ; 非都市編定：農牧用地,1,1,全筆移轉,01290006
RPWNMLPKOHIGFDQ37DA,中庄段,56.18,非都市：鄉村區 ; 非都市編定：乙種建築用地,1,1,全筆移轉,18610000
RPRNMLQKOHIGFDQ96DA,新番子寮段,573.49,非都市：特定農業區 ; 非都市編定：農牧用地,1,1,全筆移轉,09630000
RPRNMLQKOHIGFDQ96DA,新番子寮段,227.59,非都市：特定農業區 ; 非都市編定：農牧用地,1,1,全筆移轉,09680000
RPRNMLQKOHIGFDQ96DA,新番子寮段,2728.57,非都市：特定農業區 ; 非都市編定：農牧用地,1,1,全筆移轉,09720000
RPPNMLRKOHIGFBQ66DA,過溝新段,362.06,非都市：一般農業區 ; 非都市編定：農牧用地,1,1,全筆移轉,05930001
RPTNMLSJOHIGFBQ07DA,新掌潭段,1.79,非都市：特定專用區 ; 非都市編定：甲種建築用地,16,1,持分移轉,09440000
RPTNMLSJOHIGFBQ07DA,新掌潭段,1.50,非都市：特定專用區 ; 非都市編定：甲種建築用地,16,1,持分移轉,09450000
RPTNMLSJOHIGFBQ07DA,新掌潭段,66.32,非都市：特定專用區 ; 非都市編定：甲種建築用地,1,1,全筆移轉,09500000
RPQNMLTKOHIGFBQ96DA,嘉朴段,4.82,都市：其他:變更第二種商業區為第,100000,296,持分移轉,01850020
RPTNMLQKOHIGFCQ07DA,金興段,64.17,都市：其他:住,1,1,全筆移轉,09870000
RPRNMLTKOHIGFBQ07DA,嘉朴段,5.87,都市：其他:住宅區,100000,102,持分移轉,02620000
RPQNMLSKOHIGFBQ86DA,大葛段,6.56,非都市：鄉村區 ; 非都市編定：乙種建築用地,16,1,持分移轉,07660000
RPQNMLSKOHIGFBQ86DA,大葛段,38.84,非都市：鄉村區 ; 非都市編定：乙種建築用地,2,1,持分移轉,07680000
RPQOMLQKOHIGFCQ86DA,溪西段,.48,,13,1,持分移轉,08970000
RPQOMLQKOHIGFCQ86DA,溪西段,20.48,,13,1,持分移轉,08990000
RPQOMLQKOHIGFCQ86DA,溪西段,1.19,,13,1,持分移轉,08990002
RPQOMLQKOHIGFCQ86DA,溪西段,6.34,,12,1,持分移轉,08990004
RPQOMLQKOHIGFCQ86DA,溪西段,3.17,,12,1,持分移轉,08990005
RPQOMLQKOHIGFCQ86DA,溪西段,106.97,,1,1,全筆移轉,09100008
RPXNMLPKOHIGFDQ57EA,嘉新段,50.99,,2624,272,持分移轉,12490000
RPRNMLTKOHIGFDQ27DA,龜佛山段龜山小段,827.50,非都市：特定農業區 ; 非都市編定：農牧用地,2,1,持分移轉,00140000
RPOOMLPKOHIGFDQ76EA,嘉新段,50.99,,2624,272,持分移轉,12490000
RPQOMLPKOHIGFDQ96EA,嘉新段,33.99,,7872,544,持分移轉,12490000
RPPOMLPKOHIGFDQ86EA,嘉新段,50.80,,2624,271,持分移轉,12490000
RPSOMLPKOHIGFDQ17EA,嘉新段,33.85,,12,7,持分移轉,12510000
RPROMLPKOHIGFDQ07EA,嘉新段,17.00,,7872,272,持分移轉,12490000
RPTOMLPKOHIGFDQ27EA,嘉新段,19.34,,12,4,持分移轉,12510000
RPPNMLRKOHIGFDQ96EA,鹿西段,13.05,都市：其他:道路用地,40,5,持分移轉,02980000
RPPNMLRKOHIGFDQ96EA,鹿西段,112.13,都市：其他:住宅區,40,5,持分移轉,02990000
RPPNMLRKOHIGFDQ96EA,鹿西段,11.14,都市：其他:道路用地,40,5,持分移轉,03030000
RPPNMLTKOHIGFDQ17EA,下潭新段,10.86,非都市：鄉村區 ; 非都市編定：乙種建築用地,3,2,持分移轉,04050000
RPPNMLRKOHIGFCQ86EA,游厝段游東小段,1.68,非都市：特定農業區 ; 非都市編定：交通用地,40,1,持分移轉,10990000
RPPNMLRKOHIGFCQ86EA,游厝段游東小段,2.62,非都市：特定農業區 ; 非都市編定：交通用地,40,1,持分移轉,11290000
RPPNMLRKOHIGFCQ86EA,游厝段游東小段,31.62,非都市：鄉村區 ; 非都市編定：乙種建築用地,40,1,持分移轉,11310000
RPPNMLRKOHIGFCQ86EA,游厝段游東小段,83.92,非都市：鄉村區 ; 非都市編定：乙種建築用地,40,1,持分移轉,11320000
RPSNMLPKOHIGFBQ76DA,義竹段義竹小段,1714.00,非都市：特定農業區 ; 非都市編定：農牧用地,1,1,全筆移轉,02580000
RPSNMLPKOHIGFBQ76DA,義竹段義竹小段,1300.00,非都市：特定農業區 ; 非都市編定：農牧用地,1,1,全筆移轉,02650000
RPRNMLKLOHIGFDQ09DA,過溝段過溝小段,18.00,都市：其他:住宅區,6,1,持分移轉,10610002
RPRNMLKLOHIGFDQ09DA,過溝段過溝小段,77.00,都市：其他:住宅區,1,1,全筆移轉,10610009
RPRNMLNKOHIGFBQ09DA,洲仔段洲仔小段,7316.00,非都市：一般農業區 ; 非都市編定：養殖用地,1,1,全筆移轉,03300000
RPTNMLNKOHIGFBQ66DA,岸腳段,262.00,都市：其他:住宅區,1,1,全筆移轉,14560000
RPSNMLKLOHIGFDQ56DA,新三界埔段,55.70,非都市：鄉村區 ; 非都市編定：乙種建築用地,1,1,全筆移轉,08900000
RPRNMLMKOHIGFDQ56DA,竹頭崎段,914.25,非都市：山坡地保育區 ; 非都市編定：丙種建築用地,4,1,持分移轉,00670000
RPTNMLTKOHIGFDQ47DA,東新段,25.96,都市：其他:公園,4320,184,持分移轉,10960018
RPTNMLTKOHIGFDQ47DA,東新段,121.41,,1,1,全筆移轉,10960022
RPPNMLKLOHIGFDQ98EA,嘉太段,11.88,都市：其他:住宅區,1,1,全筆移轉,05070000
RPQNMLKLOHIGFDQ09EA,竹頭崎段,684.00,非都市：山坡地保育區 ; 非都市編定：農牧用地,1,1,全筆移轉,01530000
RPSNMLKLOHIGFCQ56EA,大崎段,166.00,都市：其他:附１,1,1,全筆移轉,04360000
RPRNMLLLOHIGFCQ56EA,新大埔美段,6842.44,非都市：一般農業區 ; 非都市編定：農牧用地,1,1,全筆移轉,28360000
RPPNMLRLOHIGFEQ17EA,覆鐤金段,533.47,非都市：一般農業區 ; 非都市編定：農牧用地,15,1,持分移轉,01960000
RPTNMLKLOHIGFCQ66EA,潭底段潭底小段,.91,都市：其他:住,2903535,9115,持分移轉,02630001
RPTNMLKLOHIGFCQ66EA,潭底段潭底小段,43.69,都市：其他:住,1000,33,持分移轉,02630002
RPTNMLKLOHIGFCQ66EA,潭底段潭底小段,.95,都市：其他:住,2903535,9115,持分移轉,02970001
RPTNMLKLOHIGFCQ66EA,潭底段潭底小段,.96,都市：其他:住,2903535,9115,持分移轉,03040001
RPTNMLKLOHIGFCQ66EA,潭底段潭底小段,2.31,都市：其他:住,2903535,9115,持分移轉,03110001
RPTNMLKLOHIGFCQ66EA,潭底段潭底小段,.80,都市：其他:住,2903535,9115,持分移轉,03350001
RPTNMLKLOHIGFCQ66EA,潭底段潭底小段,.04,都市：其他:住,2903535,9115,持分移轉,03350002
RPPNMLOLMHIGFDQ09DA,水西段,1.86,,4,1,持分移轉,09110000
RPQNMLOLMHIGFDQ56DA,水西段,1.86,,4,1,持分移轉,09110000
RPRNMLOLMHIGFDQ66DA,水西段,1.86,,4,1,持分移轉,09110000
RPSNMLOLMHIGFDQ76DA,水西段,1.86,,4,1,持分移轉,09110000
RPPNMLSKOHIGFCQ86DA,新庄段,63.79,都市：其他:住,1,1,全筆移轉,12890000
RPQOMLKLOHIGFCQ98DA,大崎段,97.77,非都市：一般農業區 ; 非都市編定：農牧用地,1,1,全筆移轉,00140000
RPTNMLLLOHIGFBQ56DA,崁後段南崁小段,444.42,非都市：特定農業區 ; 非都市編定：農牧用地,100000,26328,持分移轉,03470003
RPRNMLLLOHIGFCQ09DA,新大埔美段,1146.13,非都市：鄉村區 ; 非都市編定：乙種建築用地,1,1,全筆移轉,16770000
RPSNMLKLOHIGFBQ98DA,頂厝子段頂厝小段,19.50,非都市：鄉村區 ; 非都市編定：乙種建築用地,10,1,持分移轉,00030000
RPSNMLKLOHIGFBQ98DA,頂厝子段頂厝小段,108.00,非都市：鄉村區 ; 非都市編定：乙種建築用地,1,1,全筆移轉,00070000
RPUNMLQJOHIGFBQ96DA,新店新段,424.05,非都市：特定專用區 ; 非都市編定：養殖用地,5192,436,持分移轉,07790000
RPPNMLNKOHIGFBQ88DA,建興段,17.02,非都市：鄉村區 ; 非都市編定：乙種建築用地,20,6,持分移轉,09170000
RPPNMLNKOHIGFBQ88DA,建興段,69.05,非都市：鄉村區 ; 非都市編定：乙種建築用地,4,3,持分移轉,09170002
RPQNMLQLOHIGFBQ76DA,竹子腳新段,32.98,非都市：鄉村區 ; 非都市編定：乙種建築用地,60,2,持分移轉,06200000
RPPNMLQLOHIGFBQ66DA,東後寮段東榮小段,60.20,非都市：鄉村區 ; 非都市編定：乙種建築用地,6000,431,持分移轉,03100000
RPPNMLQLOHIGFBQ66DA,東後寮段東榮小段,2.62,非都市：鄉村區 ; 非都市編定：交通用地,24,1,持分移轉,03160000
RPUNMLRKOHIGFDQ37DA,牛稠埔段,601.00,非都市：一般農業區 ; 非都市編定：農牧用地,2360,601,持分移轉,01060007
RPTNMLRKOHIGFDQ27DA,牛稠埔段,460.00,非都市：一般農業區 ; 非都市編定：農牧用地,1,1,全筆移轉,01090002
RPSNMLSLOHIGFEQ57EA,梅北段,46.00,都市：商,1,1,全筆移轉,06390000
RPQNMLRLOHIGFEQ27EA,金獅寮段,300.00,非都市：森林區 ; 非都市編定：丙種建築用地,1,1,全筆移轉,01700000
RPQNMLRLOHIGFEQ27EA,金獅寮段,375.00,非都市：森林區 ; 非都市編定：丙種建築用地,1,1,全筆移轉,01730000
RPPNMLQLOHIGFCQ86EA,林頭段林頭小段,1314.00,非都市：特定農業區 ; 非都市編定：農牧用地,1,1,全筆移轉,00360000
RPPNMLSLOHIGFBQ96EA,港尾寮新段,8.77,非都市：鄉村區 ; 非都市編定：乙種建築用地,10000,2726,持分移轉,05840000
RPPNMLSLOHIGFBQ96EA,港尾寮新段,15.04,非都市：鄉村區 ; 非都市編定：乙種建築用地,10000,2726,持分移轉,05870000
RPPNMLSLOHIGFBQ96EA,港尾寮新段,587.96,非都市：鄉村區 ; 非都市編定：乙種建築用地,1,1,全筆移轉,05880000
RPPNMLSLOHIGFBQ96EA,港尾寮新段,126.20,非都市：鄉村區 ; 非都市編定：交通用地,15,3,持分移轉,05900000
RPQNMLQLOHIGFDQ07EA,柳林段,331.25,非都市：特定農業區 ; 非都市編定：農牧用地,240,17,持分移轉,02250000
RPPNMLQLOHIGFDQ96EA,三角子段三角小段,2022.00,非都市：特定農業區 ; 非都市編定：農牧用地,1,1,全筆移轉,00860000
RPQNMLQLOHIGFCQ96EA,沙崙段,1400.22,非都市：一般農業區 ; 非都市編定：農牧用地,1,1,全筆移轉,06470000
RPOOMLRKOHIGFDQ86DA,光興段,92.35,非都市：特定農業區 ; 非都市編定：甲種建築用地,1,1,全筆移轉,02590000
RPTOMLKLOHIGFCQ66DA,菁埔段中和小段,166.66,非都市：特定農業區 ; 非都市編定：甲種建築用地,1,1,全筆移轉,04310010
RPTOMLKLOHIGFCQ66DA,菁埔段中和小段,.54,非都市：特定農業區 ; 非都市編定：甲種建築用地,26,1,持分移轉,04310031
RPVNMLQLOHIGFCQ37DA,福興段,104.30,非都市：一般農業區 ; 非都市編定：農牧用地,1,1,全筆移轉,10820000
RPPNMLOKOHIGFBQ98DA,大葛段,3.20,非都市：特定農業區 ; 非都市編定：交通用地,64,1,持分移轉,11270000
RPPNMLOKOHIGFBQ98DA,大葛段,5.30,非都市：特定農業區 ; 非都市編定：交通用地,64,1,持分移轉,11280000
RPPNMLRLOHIGFBQ76DA,六腳段六嘉小段,1195.00,非都市：特定農業區 ; 非都市編定：農牧用地,1,1,全筆移轉,13540000
RPTNMLKLOHIGFBQ09DA,嘉朴段,11.75,都市：其他:住宅區,100000,204,持分移轉,02620000
RPSNMLSLOHIGFBQ17DA,五間厝段中厝小段,4908.33,非都市：特定農業區 ; 非都市編定：農牧用地,1,1,全筆移轉,06650000
RPQNMLRLOHIGFBQ86DA,嘉朴段,5.87,都市：其他:住宅區,100000,102,持分移轉,02620000
RPRNMLTLOHIGFBQ17DA,魚寮段,120.67,非都市：鄉村區 ; 非都市編定：乙種建築用地,1,1,全筆移轉,04900000
RPUNMLKLOHIGFBQ56DA,新生段,101.25,都市：其他:住宅區,1,1,全筆移轉,00650086
RPUNMLKLOHIGFBQ56DA,新生段,101.25,都市：其他:住宅區,1,1,全筆移轉,00650087
RPTNMLSLOHIGFEQ67EA,生毛樹段,606.00,非都市：風景區 ; 非都市編定：農牧用地,1,1,全筆移轉,05850002
RPRNMLRLOHIGFCQ07DA,溪西段,.48,,26,2,持分移轉,08970000
RPRNMLRLOHIGFCQ07DA,溪西段,20.48,,26,2,持分移轉,08990000
RPRNMLRLOHIGFCQ07DA,溪西段,1.19,,26,2,持分移轉,08990002
RPRNMLRLOHIGFCQ07DA,溪西段,6.34,,24,2,持分移轉,08990004
RPRNMLRLOHIGFCQ07DA,溪西段,3.17,,24,2,持分移轉,08990005
RPRNMLRLOHIGFCQ07DA,溪西段,98.53,,1,1,全筆移轉,09100003
RPQNMLTLOHIGFEQ47EA,科子林段,5273.00,非都市：森林區 ; 非都市編定：農牧用地,1,1,全筆移轉,07290004
RPPNMLTLOHIGFEQ37EA,灣北段,2933.84,非都市：一般農業區 ; 非都市編定：農牧用地,1,1,全筆移轉,06250000
RPPNMLTLOHIGFEQ37EA,灣北段,870.52,非都市：一般農業區 ; 非都市編定：農牧用地,1,1,全筆移轉,06260000
RPPNMLTLOHIGFEQ37EA,灣北段,440.17,非都市：一般農業區 ; 非都市編定：農牧用地,1,1,全筆移轉,06290000
RPPNMLTLOHIGFEQ37EA,灣北段,2460.00,非都市：一般農業區 ; 非都市編定：農牧用地,1,1,全筆移轉,06380000
RPPNMLTLOHIGFEQ37EA,灣北段,438.87,非都市：河川區 ; 非都市編定：水利用地,1,1,全筆移轉,06380001
RPPNMLTLOHIGFEQ37EA,灣北段,875.16,非都市：一般農業區 ; 非都市編定：農牧用地,1,1,全筆移轉,06390000
RPPNMLTLOHIGFEQ37EA,灣北段,415.03,非都市：一般農業區 ; 非都市編定：農牧用地,1,1,全筆移轉,06410000
RPPNMLTLOHIGFEQ37EA,灣北段,631.12,非都市：一般農業區 ; 非都市編定：農牧用地,1,1,全筆移轉,06510000
RPPNMLTLOHIGFEQ37EA,灣北段,24.71,非都市：河川區 ; 非都市編定：水利用地,1,1,全筆移轉,06510001
RPPNMLTLOHIGFEQ37EA,灣北段,306.71,非都市：一般農業區 ; 非都市編定：農牧用地,1,1,全筆移轉,06520000
RPPNMLTLOHIGFEQ37EA,灣北段,1902.83,非都市：一般農業區 ; 非都市編定：農牧用地,1,1,全筆移轉,06960000
RPPNMLTLOHIGFEQ37EA,灣北段,948.25,非都市：一般農業區 ; 非都市編定：農牧用地,1,1,全筆移轉,06970000
RPPNMLTLOHIGFEQ37EA,灣北段,2349.09,非都市：一般農業區 ; 非都市編定：農牧用地,1,1,全筆移轉,06980000
RPPNMLTLOHIGFEQ37EA,灣北段,288.99,非都市：一般農業區 ; 非都市編定：農牧用地,1,1,全筆移轉,06990000
RPPNMLTLOHIGFEQ37EA,灣北段,11626.56,非都市：一般農業區 ; 非都市編定：農牧用地,1,1,全筆移轉,07690000
RPPNMLSLOHIGFDQ17EA,北新段,224.69,都市：其他:住宅區,4,1,持分移轉,06880000
RPPNMLRLOHIGFCQ96EA,陳厝寮段,265.00,非都市：一般農業區 ; 非都市編定：農牧用地,1,1,全筆移轉,02810021
RPPNMLTLOHIGFDQ27EA,東新段,72.07,都市：其他:住宅區,2,1,持分移轉,09340019
RPQNMLTLOHIGFCQ27EA,新庄段,1017.15,都市：其他:農,1,1,全筆移轉,25610000
RPQNMLTLOHIGFDQ37EA,下潭新段,85.54,非都市：鄉村區 ; 非都市編定：乙種建築用地,1,1,全筆移轉,01100000
RPPNMLKMOHIGFEQ56EA,內埔子段,631.75,非都市：一般農業區 ; 非都市編定：農牧用地,8,2,持分移轉,08300000
RPPNMLKMOHIGFEQ56EA,內埔子段,249.75,非都市：山坡地保育區 ; 非都市編定：農牧用地,8,2,持分移轉,18260000
RPPNMLQLOHIGFEQ96DA,緞厝寮段,47.00,非都市：鄉村區 ; 非都市編定：乙種建築用地,1,1,全筆移轉,00610002
RPSNMLQJOHIGFDQ96DA,深坑段,1101.75,非都市：山坡地保育區 ; 非都市編定：農牧用地,4,1,持分移轉,02380020
RPQNMLPKOHIGFDQ76DA,檨仔林段,439.73,非都市：山坡地保育區 ; 非都市編定：農牧用地,7,1,持分移轉,06220000
RPRNMLSLOHIGFDQ27DA,中庄段,54.36,非都市：鄉村區 ; 非都市編定：乙種建築用地,1,1,全筆移轉,07500000
RPOOMLSLOHIGFDQ07DA,祥和段,26.25,,3,1,持分移轉,03260002
SPOOMLSLOHIGFDQ17DA,祥和段,1.01,,72,1,持分移轉,03260001
SPOOMLSLOHIGFDQ17DA,祥和段,6.07,,72,1,持分移轉,03280000
RPQNMLRLOHIGFCQ96DA,溪西段,.48,,39,3,持分移轉,08970000
RPQNMLRLOHIGFCQ96DA,溪西段,20.48,,39,3,持分移轉,08990000
RPQNMLRLOHIGFCQ96DA,溪西段,1.19,,39,3,持分移轉,08990002
RPQNMLRLOHIGFCQ96DA,溪西段,6.34,,36,3,持分移轉,08990004
RPQNMLRLOHIGFCQ96DA,溪西段,3.17,,36,3,持分移轉,08990005
RPQNMLRLOHIGFCQ96DA,溪西段,103.60,,1,1,全筆移轉,09100006
RPSNMLSLOHIGFCQ27DA,三疊溪段疊溪小段,1000.37,非都市：特定農業區 ; 非都市編定：農牧用地,1000,434,持分移轉,00020000
RPPNMLTLOHIGFEQ27DA,覆鐤金段,3393.00,非都市：山坡地保育區 ; 非都市編定：農牧用地,1,1,全筆移轉,10790005
RPTNMLRLOHIGFBQ17DA,新生段,101.25,都市：其他:住宅區,1,1,全筆移轉,00670104
RPTNMLRLOHIGFBQ17DA,新生段,101.25,都市：其他:住宅區,1,1,全筆移轉,00670105
RPRNMLKMOHIGFBQ98DA,新生段,102.61,都市：其他:住宅區,1,1,全筆移轉,00790008
RPTNMLTLOHIGFCQ47DA,東湖段,5.96,非都市：鄉村區 ; 非都市編定：乙種建築用地,220,6,持分移轉,10140000
RPTNMLTLOHIGFCQ47DA,東湖段,56.75,非都市：鄉村區 ; 非都市編定：乙種建築用地,1,1,全筆移轉,10170000
RPROMLNJPHIGFBQ56DA,𧃽菜埔段永和小段,105.00,非都市：特定農業區 ; 非都市編定：農牧用地,1,1,全筆移轉,05750001
RPUNMLRLOHIGFBQ27DA,埤前段,481.01,非都市：特定農業區 ; 非都市編定：交通用地,1299,480,持分移轉,02070000
RPPNMLNJPHIGFBQ88DA,建興段,120.24,非都市：一般農業區 ; 非都市編定：農牧用地,5541,138,持分移轉,07730000
RPPNMLNJPHIGFBQ88DA,建興段,10.79,非都市：鄉村區 ; 非都市編定：乙種建築用地,5541,138,持分移轉,07830000
RPTNMLOJPHIGFBQ76DA,牛挑灣段松梅小段,77.78,非都市：鄉村區 ; 非都市編定：乙種建築用地,1,1,全筆移轉,13650004
RPVNMLKLOHIGFDQ86DA,灣潭子段,1168.67,非都市：山坡地保育區 ; 非都市編定：農牧用地,3,1,持分移轉,00190043
RPPNMLKMOHIGFDQ98DA,南靖段南和小段,2521.00,非都市：特定農業區 ; 非都市編定：農牧用地,1,1,全筆移轉,04510000
RPPNMLKMOHIGFDQ98DA,南靖段南和小段,2231.00,非都市：特定農業區 ; 非都市編定：農牧用地,1,1,全筆移轉,04610000
RPQNMLKMOHIGFEQ66EA,內埔子段,631.75,非都市：一般農業區 ; 非都市編定：農牧用地,8,2,持分移轉,08300000
RPQNMLKMOHIGFEQ66EA,內埔子段,249.75,非都市：山坡地保育區 ; 非都市編定：農牧用地,8,2,持分移轉,18260000
RPQNMLNJPHIGFEQ76EA,和平段,86.07,都市：其他:住宅區,1,1,全筆移轉,12160010
RPQNMLNJPHIGFEQ76EA,和平段,77.13,都市：其他:住宅區,1,1,全筆移轉,12160011
RPSNMLTLOHIGFEQ57DA,梅北段,85.00,都市：住,1,1,全筆移轉,23910036
RPPNMLNJPHIGFCQ09EA,港東段,91.00,都市：其他:住,1,1,全筆移轉,01550000
RPPNMLNJPHIGFEQ66EA,轆子腳段轆子腳小段,3320.00,非都市：特定專用區 ; 非都市編定：農牧用地,1,1,全筆移轉,00840000
RPQNMLRLOHIGFEQ17DA,大坪段,3266.00,非都市：山坡地保育區 ; 非都市編定：農牧用地,1,1,全筆移轉,00400015
RPQNMLNJPHIGFCQ56EA,柳子溝段柳一小段,135.00,非都市：鄉村區 ; 非都市編定：乙種建築用地,1,1,全筆移轉,05890002
RPQNMLNJPHIGFCQ56EA,柳子溝段柳一小段,27.00,非都市：鄉村區 ; 非都市編定：乙種建築用地,2,1,持分移轉,05890003
RPPNMLTLOHIGFCQ17EA,游厝段,1900.00,非都市：特定農業區 ; 非都市編定：農牧用地,1,1,全筆移轉,10090000
RPRNMLNJPHIGFCQ66EA,埤子頭段埤子頭小段,865.00,非都市：特定農業區 ; 非都市編定：農牧用地,1,1,全筆移轉,00200002
RPSNMLNJPHIGFCQ76EA,福南段,37.84,都市：其他:住,4,2,持分移轉,06730000
RPWNMLKMOHIGFDQ17EA,白芒埔段,800.00,非都市：山坡地保育區 ; 非都市編定：農牧用地,1,1,全筆移轉,00650000
RPWNMLKMOHIGFDQ17EA,白芒埔段,422.00,非都市：特定農業區 ; 非都市編定：農牧用地,1,1,全筆移轉,00770000
RPPNMLOJPHIGFEQ76EA,沙坑段,10053.00,非都市：山坡地保育區 ; 非都市編定：農牧用地,4,2,持分移轉,05800000
RPQNMLTLOHIGFEQ37DA,內甕段,4.52,都市：住,10000,8,持分移轉,00970009
RPPNMLRLOHIGFEQ07DA,大湖段,1800.00,非都市：森林區 ; 非都市編定：農牧用地,1,1,全筆移轉,00840107
RPPNMLRLOHIGFEQ07DA,大湖段,2265.00,非都市：森林區 ; 非都市編定：農牧用地,1,1,全筆移轉,00840152
RPPNMLOJPHIGFCQ09DA,中工段,88.32,非都市：工業區 ; 非都市編定：丁種建築用地,1,1,全筆移轉,00590015
RPQNMLKMOHIGFDQ09DA,寬士段,61.94,非都市：鄉村區 ; 非都市編定：乙種建築用地,1,1,全筆移轉,11650000
RPUNMLOJPHIGFBQ86DA,考試潭段考試小段,2121.00,非都市：一般農業區 ; 非都市編定：農牧用地,1,1,全筆移轉,07030000
RPUNMLOJPHIGFBQ86DA,考試潭段考試小段,2172.00,非都市：一般農業區 ; 非都市編定：農牧用地,1,1,全筆移轉,07040000
RPPNMLOJPHIGFBQ98DA,新生段,101.25,都市：其他:住宅區,1,1,全筆移轉,00670103
RPQNMLOJPHIGFBQ09DA,新生段,101.25,都市：其他:住宅區,1,1,全筆移轉,00670102
RPQNMLKMOHIGFBQ88DA,蒜頭段蒜東小段,455.88,都市：其他:農業區,8,1,持分移轉,02200000
RPQNMLKMOHIGFBQ88DA,中庄段,254.15,都市：其他:農業區,32,1,持分移轉,04090000
RPQNMLKMOHIGFBQ88DA,中庄段,31.61,都市：其他:住宅區,32,1,持分移轉,04450000
RPQNMLKMOHIGFBQ88DA,中庄段,22.32,都市：其他:道路,32,1,持分移轉,04460000
RPXNMLOJPHIGFBQ17DA,北港子新段,324.60,非都市：特定專用區 ; 非都市編定：養殖用地,1,1,全筆移轉,04040001
RPQNMLKMOHIGFBQ88DA,雙涵段雙涵小段,649.00,非都市：特定農業區 ; 非都市編定：農牧用地,4,1,持分移轉,08850000
RPOOMLOJPHIGFBQ98DA,新寮段,119.51,都市：其他:住宅區,8,1,持分移轉,07810000
RPQOMLNJPHIGFBQ09DA,嘉朴段,10.91,都市：其他:住宅區,80,2,持分移轉,02750000
RPQOMLNJPHIGFBQ09DA,嘉朴段,13.49,都市：其他:住宅區,40,2,持分移轉,02750101
RPQOMLNJPHIGFBQ09DA,嘉朴段,57.72,都市：其他:住宅區,1,1,全筆移轉,02750104
RPQOMLNJPHIGFBQ09DA,嘉朴段,28.96,都市：其他:住宅區,40,2,持分移轉,02750113
RPQOMLNJPHIGFBQ09DA,嘉朴段,6.22,都市：其他:住宅區,80,2,持分移轉,02750125
RPRNMLQLOHIGFBQ86DA,岸腳段,751.00,都市：其他:住宅區,1,1,全筆移轉,12930001
RPROMLOJPHIGFCQ76DA,民農段,7.14,都市：其他:道路用地,24,1,持分移轉,08500000
RPPNMLPJPHIGFCQ56DA,復興段,1029.76,非都市：一般農業區 ; 非都市編定：農牧用地,4,1,持分移轉,06950000
RPTNMLNJPHIGFDQ86DA,龍潭段,65.25,都市：其他:住宅區,1,1,全筆移轉,06860000
RPSNMLNJPHIGFDQ76DA,忠和段,121.01,非都市：鄉村區 ; 非都市編定：乙種建築用地,1,1,全筆移轉,09560000
RPSNMLNJPHIGFDQ76DA,忠和段,8.57,非都市：鄉村區 ; 非都市編定：乙種建築用地,1,1,全筆移轉,09570000
RPSNMLQLOHIGFDQ17DA,茄苳脚段春珠小段,1412.00,非都市：特定農業區 ; 非都市編定：農牧用地,1,1,全筆移轉,11610000
RPSOMLTLOHIGFDQ57DA,竹頭崎段,154.00,非都市：山坡地保育區 ; 非都市編定：農牧用地,1,1,全筆移轉,02990080
RPPNMLNJPHIGFDQ56EA,龍德段,.23,非都市：鄉村區 ; 非都市編定：乙種建築用地,200,1,持分移轉,00380000
RPPNMLNJPHIGFDQ56EA,龍德段,.61,非都市：鄉村區 ; 非都市編定：乙種建築用地,200,1,持分移轉,00390000
RPPNMLNJPHIGFDQ56EA,龍德段,4.79,非都市：鄉村區 ; 非都市編定：乙種建築用地,200,1,持分移轉,00400000
RPPNMLNJPHIGFDQ56EA,龍德段,4.57,非都市：鄉村區 ; 非都市編定：乙種建築用地,200,1,持分移轉,00410000
RPPNMLNJPHIGFDQ56EA,龍德段,1.69,非都市：鄉村區 ; 非都市編定：乙種建築用地,200,1,持分移轉,00420000
RPPNMLNJPHIGFDQ56EA,龍德段,4.79,非都市：鄉村區 ; 非都市編定：乙種建築用地,200,1,持分移轉,00430000
SPPNMLNJPHIGFDQ66EA,龍德段,.23,非都市：鄉村區 ; 非都市編定：乙種建築用地,200,1,持分移轉,00380000
SPPNMLNJPHIGFDQ66EA,龍德段,.61,非都市：鄉村區 ; 非都市編定：乙種建築用地,200,1,持分移轉,00390000
SPPNMLNJPHIGFDQ66EA,龍德段,4.79,非都市：鄉村區 ; 非都市編定：乙種建築用地,200,1,持分移轉,00400000
SPPNMLNJPHIGFDQ66EA,龍德段,4.57,非都市：鄉村區 ; 非都市編定：乙種建築用地,200,1,持分移轉,00410000
SPPNMLNJPHIGFDQ66EA,龍德段,1.69,非都市：鄉村區 ; 非都市編定：乙種建築用地,200,1,持分移轉,00420000
SPPNMLNJPHIGFDQ66EA,龍德段,4.79,非都市：鄉村區 ; 非都市編定：乙種建築用地,200,1,持分移轉,00430000
TPPNMLNJPHIGFDQ76EA,龍德段,.23,非都市：鄉村區 ; 非都市編定：乙種建築用地,200,1,持分移轉,00380000
TPPNMLNJPHIGFDQ76EA,龍德段,.61,非都市：鄉村區 ; 非都市編定：乙種建築用地,200,1,持分移轉,00390000
TPPNMLNJPHIGFDQ76EA,龍德段,4.79,非都市：鄉村區 ; 非都市編定：乙種建築用地,200,1,持分移轉,00400000
TPPNMLNJPHIGFDQ76EA,龍德段,4.57,非都市：鄉村區 ; 非都市編定：乙種建築用地,200,1,持分移轉,00410000
TPPNMLNJPHIGFDQ76EA,龍德段,1.69,非都市：鄉村區 ; 非都市編定：乙種建築用地,200,1,持分移轉,00420000
TPPNMLNJPHIGFDQ76EA,龍德段,4.79,非都市：鄉村區 ; 非都市編定：乙種建築用地,200,1,持分移轉,00430000
UPPNMLNJPHIGFDQ86EA,龍德段,.23,非都市：鄉村區 ; 非都市編定：乙種建築用地,200,1,持分移轉,00380000
UPPNMLNJPHIGFDQ86EA,龍德段,.61,非都市：鄉村區 ; 非都市編定：乙種建築用地,200,1,持分移轉,00390000
UPPNMLNJPHIGFDQ86EA,龍德段,4.79,非都市：鄉村區 ; 非都市編定：乙種建築用地,200,1,持分移轉,00400000
UPPNMLNJPHIGFDQ86EA,龍德段,4.57,非都市：鄉村區 ; 非都市編定：乙種建築用地,200,1,持分移轉,00410000
UPPNMLNJPHIGFDQ86EA,龍德段,1.69,非都市：鄉村區 ; 非都市編定：乙種建築用地,200,1,持分移轉,00420000
UPPNMLNJPHIGFDQ86EA,龍德段,4.79,非都市：鄉村區 ; 非都市編定：乙種建築用地,200,1,持分移轉,00430000
VPPNMLNJPHIGFDQ96EA,龍德段,.23,非都市：鄉村區 ; 非都市編定：乙種建築用地,200,1,持分移轉,00380000
VPPNMLNJPHIGFDQ96EA,龍德段,.61,非都市：鄉村區 ; 非都市編定：乙種建築用地,200,1,持分移轉,00390000
VPPNMLNJPHIGFDQ96EA,龍德段,4.79,非都市：鄉村區 ; 非都市編定：乙種建築用地,200,1,持分移轉,00400000
VPPNMLNJPHIGFDQ96EA,龍德段,4.57,非都市：鄉村區 ; 非都市編定：乙種建築用地,200,1,持分移轉,00410000
VPPNMLNJPHIGFDQ96EA,龍德段,1.69,非都市：鄉村區 ; 非都市編定：乙種建築用地,200,1,持分移轉,00420000
VPPNMLNJPHIGFDQ96EA,龍德段,4.79,非都市：鄉村區 ; 非都市編定：乙種建築用地,200,1,持分移轉,00430000
XPPNMLNJPHIGFDQ17EA,龍德段,.23,非都市：鄉村區 ; 非都市編定：乙種建築用地,200,1,持分移轉,00380000
XPPNMLNJPHIGFDQ17EA,龍德段,.61,非都市：鄉村區 ; 非都市編定：乙種建築用地,200,1,持分移轉,00390000
WPPNMLNJPHIGFDQ07EA,龍德段,.23,非都市：鄉村區 ; 非都市編定：乙種建築用地,200,1,持分移轉,00380000
XPPNMLNJPHIGFDQ17EA,龍德段,4.79,非都市：鄉村區 ; 非都市編定：乙種建築用地,200,1,持分移轉,00400000
WPPNMLNJPHIGFDQ07EA,龍德段,.61,非都市：鄉村區 ; 非都市編定：乙種建築用地,200,1,持分移轉,00390000
XPPNMLNJPHIGFDQ17EA,龍德段,4.57,非都市：鄉村區 ; 非都市編定：乙種建築用地,200,1,持分移轉,00410000
WPPNMLNJPHIGFDQ07EA,龍德段,4.79,非都市：鄉村區 ; 非都市編定：乙種建築用地,200,1,持分移轉,00400000
XPPNMLNJPHIGFDQ17EA,龍德段,1.69,非都市：鄉村區 ; 非都市編定：乙種建築用地,200,1,持分移轉,00420000
WPPNMLNJPHIGFDQ07EA,龍德段,4.57,非都市：鄉村區 ; 非都市編定：乙種建築用地,200,1,持分移轉,00410000
XPPNMLNJPHIGFDQ17EA,龍德段,4.79,非都市：鄉村區 ; 非都市編定：乙種建築用地,200,1,持分移轉,00430000
WPPNMLNJPHIGFDQ07EA,龍德段,1.69,非都市：鄉村區 ; 非都市編定：乙種建築用地,200,1,持分移轉,00420000
WPPNMLNJPHIGFDQ07EA,龍德段,4.79,非都市：鄉村區 ; 非都市編定：乙種建築用地,200,1,持分移轉,00430000
YPPNMLNJPHIGFDQ27EA,龍德段,.23,非都市：鄉村區 ; 非都市編定：乙種建築用地,200,1,持分移轉,00380000
YPPNMLNJPHIGFDQ27EA,龍德段,.61,非都市：鄉村區 ; 非都市編定：乙種建築用地,200,1,持分移轉,00390000
YPPNMLNJPHIGFDQ27EA,龍德段,4.79,非都市：鄉村區 ; 非都市編定：乙種建築用地,200,1,持分移轉,00400000
YPPNMLNJPHIGFDQ27EA,龍德段,4.57,非都市：鄉村區 ; 非都市編定：乙種建築用地,200,1,持分移轉,00410000
YPPNMLNJPHIGFDQ27EA,龍德段,1.69,非都市：鄉村區 ; 非都市編定：乙種建築用地,200,1,持分移轉,00420000
YPPNMLNJPHIGFDQ27EA,龍德段,4.79,非都市：鄉村區 ; 非都市編定：乙種建築用地,200,1,持分移轉,00430000
ZPPNMLNJPHIGFDQ37EA,龍德段,4.65,非都市：鄉村區 ; 非都市編定：乙種建築用地,100,10,持分移轉,00380000
ZPPNMLNJPHIGFDQ37EA,龍德段,12.23,非都市：鄉村區 ; 非都市編定：乙種建築用地,100,10,持分移轉,00390000
ZPPNMLNJPHIGFDQ37EA,龍德段,95.70,非都市：鄉村區 ; 非都市編定：乙種建築用地,100,10,持分移轉,00400000
ZPPNMLNJPHIGFDQ37EA,龍德段,91.30,非都市：鄉村區 ; 非都市編定：乙種建築用地,100,10,持分移轉,00410000
ZPPNMLNJPHIGFDQ37EA,龍德段,33.89,非都市：鄉村區 ; 非都市編定：乙種建築用地,100,10,持分移轉,00420000
ZPPNMLNJPHIGFDQ37EA,龍德段,95.70,非都市：鄉村區 ; 非都市編定：乙種建築用地,100,10,持分移轉,00430000
QQPNMLNJPHIGFDQ56EA,龍德段,.23,非都市：鄉村區 ; 非都市編定：乙種建築用地,200,1,持分移轉,00380000
QQPNMLNJPHIGFDQ56EA,龍德段,.61,非都市：鄉村區 ; 非都市編定：乙種建築用地,200,1,持分移轉,00390000
QQPNMLNJPHIGFDQ56EA,龍德段,4.79,非都市：鄉村區 ; 非都市編定：乙種建築用地,200,1,持分移轉,00400000
QQPNMLNJPHIGFDQ56EA,龍德段,4.57,非都市：鄉村區 ; 非都市編定：乙種建築用地,200,1,持分移轉,00410000
QQPNMLNJPHIGFDQ56EA,龍德段,1.69,非都市：鄉村區 ; 非都市編定：乙種建築用地,200,1,持分移轉,00420000
QQPNMLNJPHIGFDQ56EA,龍德段,4.79,非都市：鄉村區 ; 非都市編定：乙種建築用地,200,1,持分移轉,00430000
UQPNMLNJPHIGFDQ96EA,龍德段,.23,非都市：鄉村區 ; 非都市編定：乙種建築用地,200,1,持分移轉,00380000
UQPNMLNJPHIGFDQ96EA,龍德段,.61,非都市：鄉村區 ; 非都市編定：乙種建築用地,200,1,持分移轉,00390000
UQPNMLNJPHIGFDQ96EA,龍德段,4.79,非都市：鄉村區 ; 非都市編定：乙種建築用地,200,1,持分移轉,00400000
UQPNMLNJPHIGFDQ96EA,龍德段,4.57,非都市：鄉村區 ; 非都市編定：乙種建築用地,200,1,持分移轉,00410000
UQPNMLNJPHIGFDQ96EA,龍德段,1.69,非都市：鄉村區 ; 非都市編定：乙種建築用地,200,1,持分移轉,00420000
UQPNMLNJPHIGFDQ96EA,龍德段,4.79,非都市：鄉村區 ; 非都市編定：乙種建築用地,200,1,持分移轉,00430000
RQPNMLNJPHIGFDQ66EA,龍德段,.23,非都市：鄉村區 ; 非都市編定：乙種建築用地,200,1,持分移轉,00380000
RQPNMLNJPHIGFDQ66EA,龍德段,.61,非都市：鄉村區 ; 非都市編定：乙種建築用地,200,1,持分移轉,00390000
SQPNMLNJPHIGFDQ76EA,龍德段,.23,非都市：鄉村區 ; 非都市編定：乙種建築用地,200,1,持分移轉,00380000
RQPNMLNJPHIGFDQ66EA,龍德段,4.79,非都市：鄉村區 ; 非都市編定：乙種建築用地,200,1,持分移轉,00400000
SQPNMLNJPHIGFDQ76EA,龍德段,.61,非都市：鄉村區 ; 非都市編定：乙種建築用地,200,1,持分移轉,00390000
RQPNMLNJPHIGFDQ66EA,龍德段,4.57,非都市：鄉村區 ; 非都市編定：乙種建築用地,200,1,持分移轉,00410000
SQPNMLNJPHIGFDQ76EA,龍德段,4.79,非都市：鄉村區 ; 非都市編定：乙種建築用地,200,1,持分移轉,00400000
RQPNMLNJPHIGFDQ66EA,龍德段,1.69,非都市：鄉村區 ; 非都市編定：乙種建築用地,200,1,持分移轉,00420000
SQPNMLNJPHIGFDQ76EA,龍德段,4.57,非都市：鄉村區 ; 非都市編定：乙種建築用地,200,1,持分移轉,00410000
RQPNMLNJPHIGFDQ66EA,龍德段,4.79,非都市：鄉村區 ; 非都市編定：乙種建築用地,200,1,持分移轉,00430000
SQPNMLNJPHIGFDQ76EA,龍德段,1.69,非都市：鄉村區 ; 非都市編定：乙種建築用地,200,1,持分移轉,00420000
SQPNMLNJPHIGFDQ76EA,龍德段,4.79,非都市：鄉村區 ; 非都市編定：乙種建築用地,200,1,持分移轉,00430000
TQPNMLNJPHIGFDQ86EA,龍德段,4.65,非都市：鄉村區 ; 非都市編定：乙種建築用地,100,10,持分移轉,00380000
TQPNMLNJPHIGFDQ86EA,龍德段,12.23,非都市：鄉村區 ; 非都市編定：乙種建築用地,100,10,持分移轉,00390000
TQPNMLNJPHIGFDQ86EA,龍德段,95.70,非都市：鄉村區 ; 非都市編定：乙種建築用地,100,10,持分移轉,00400000
TQPNMLNJPHIGFDQ86EA,龍德段,91.30,非都市：鄉村區 ; 非都市編定：乙種建築用地,100,10,持分移轉,00410000
TQPNMLNJPHIGFDQ86EA,龍德段,33.89,非都市：鄉村區 ; 非都市編定：乙種建築用地,100,10,持分移轉,00420000
TQPNMLNJPHIGFDQ86EA,龍德段,95.70,非都市：鄉村區 ; 非都市編定：乙種建築用地,100,10,持分移轉,00430000
VQPNMLNJPHIGFDQ07EA,龍德段,.23,非都市：鄉村區 ; 非都市編定：乙種建築用地,200,1,持分移轉,00380000
VQPNMLNJPHIGFDQ07EA,龍德段,.61,非都市：鄉村區 ; 非都市編定：乙種建築用地,200,1,持分移轉,00390000
VQPNMLNJPHIGFDQ07EA,龍德段,4.79,非都市：鄉村區 ; 非都市編定：乙種建築用地,200,1,持分移轉,00400000
VQPNMLNJPHIGFDQ07EA,龍德段,4.57,非都市：鄉村區 ; 非都市編定：乙種建築用地,200,1,持分移轉,00410000
VQPNMLNJPHIGFDQ07EA,龍德段,1.69,非都市：鄉村區 ; 非都市編定：乙種建築用地,200,1,持分移轉,00420000
VQPNMLNJPHIGFDQ07EA,龍德段,4.79,非都市：鄉村區 ; 非都市編定：乙種建築用地,200,1,持分移轉,00430000
RPPNMLOJPHIGFDQ66EA,後麻段,28.57,非都市：鄉村區 ; 非都市編定：乙種建築用地,24,3,持分移轉,08160000
RPPNMLOJPHIGFCQ56EA,新大埔美段,280.34,非都市：鄉村區 ; 非都市編定：乙種建築用地,63504,1512,持分移轉,28850000
RPPNMLPJPHIGFCQ66EA,建國段,909.50,非都市：特定農業區 ; 非都市編定：農牧用地,4,1,持分移轉,08320000
RPPNMLPJPHIGFCQ66EA,東榮段,43.00,都市：其他:商,1,1,全筆移轉,08950000
RPPNMLPJPHIGFCQ66EA,東榮段,4.47,都市：其他:商,1100,447,持分移轉,08990012
RPPNMLPJPHIGFCQ66EA,東榮段,11.34,都市：其他:商,1,1,全筆移轉,09040004
RPPNMLPJPHIGFDQ76EA,施厝寮段施家小段,1791.00,非都市：特定農業區 ; 非都市編定：農牧用地,1,1,全筆移轉,01410000
RPQNMLPJPHIGFDQ86EA,石硦段,300.00,非都市：山坡地保育區 ; 非都市編定：林業用地,48566,300,持分移轉,03360013
RPPNMLRJPHIGFBQ76EA,潭子墘段潭墘小段,1105.00,非都市：特定農業區 ; 非都市編定：農牧用地,1,1,全筆移轉,08700000
RPQNMLRJPHIGFBQ86EA,新寮段,6.21,都市：其他:農業區,120,3,持分移轉,07630000
RPQNMLRJPHIGFBQ86EA,新寮段,7.52,都市：其他:農業區,360,9,持分移轉,07650000
RPQNMLRJPHIGFBQ86EA,新寮段,.19,都市：其他:住宅區,2160,6,持分移轉,08140000
RPQNMLRJPHIGFBQ86EA,新寮段,1.32,都市：其他:道路用地,2160,6,持分移轉,08150007
RPQNMLRJPHIGFBQ86EA,新寮段,7.27,都市：其他:住宅區,120,6,持分移轉,08150010
RPXNMLKLOHIGFDQ07DA,安仁段,8.02,非都市：鄉村區 ; 非都市編定：乙種建築用地,10000,81,持分移轉,01010000
RPRNMLPJPHIGFCQ76DA,溪口段溪口小段,1586.00,,1,1,全筆移轉,00540000
SPRNMLPJPHIGFCQ86DA,溪口段溪口小段,458.00,,1,1,全筆移轉,00540001
RPWNMLOJPHIGFBQ07DA,北港子新段,324.60,非都市：特定專用區 ; 非都市編定：養殖用地,1,1,全筆移轉,03940004
RPPNMLQKOHIGFBQ56DA,大槺榔段大鄉小段,29.50,非都市：特定農業區 ; 非都市編定：甲種建築用地,200,10,持分移轉,04100000
RPPNMLQKOHIGFBQ56DA,大槺榔段大鄉小段,93.75,非都市：特定農業區 ; 非都市編定：甲種建築用地,200,10,持分移轉,04110000
RPPNMLQKOHIGFBQ56DA,大槺榔段大鄉小段,87.80,非都市：特定農業區 ; 非都市編定：甲種建築用地,200,10,持分移轉,04120000
RPUNMLRJPHIGFBQ17DA,牛埔段,72.59,都市：其他:住宅區,1,1,全筆移轉,05990000
RPUNMLRJPHIGFBQ17DA,牛埔段,26.29,都市：其他:道路,1,1,全筆移轉,06000000
RPOOMLNJPHIGFDQ09DA,深坑段,2425.00,非都市：山坡地保育區 ; 非都市編定：農牧用地,1,1,全筆移轉,00050001
RPTNMLLLOHIGFDQ76DA,護生段,41.80,非都市：鄉村區 ; 非都市編定：乙種建築用地,100000,10824,持分移轉,06370001
RPPNMLRJPHIGFEQ07EA,生毛樹段,281.00,非都市：風景區 ; 非都市編定：丙種建築用地,1,1,全筆移轉,11450009
RPPNMLRJPHIGFEQ07EA,生毛樹段,976.00,非都市：風景區 ; 非都市編定：林業用地,1,1,全筆移轉,11450010
RPRNMLRJPHIGFEQ27EA,公田段,3649.00,非都市：森林區 ; 非都市編定：農牧用地,1,1,全筆移轉,00060004
RPQNMLRJPHIGFEQ17EA,公田段,5453.00,非都市：森林區 ; 非都市編定：農牧用地,1,1,全筆移轉,00060011
RPPNMLKKPHIGFCQ88EA,福安段,53.07,都市：其他:住,1,1,全筆移轉,07350000
RPPNMLKKPHIGFCQ88EA,福安段,32.83,都市：其他:住,1,1,全筆移轉,08090000
RPQNMLQJPHIGFDQ96EA,中庄段,64.99,非都市：鄉村區 ; 非都市編定：乙種建築用地,1,1,全筆移轉,01740000
RPUNMLQJPHIGFDQ27DA,外溪洲段溪洲小段,89.00,都市：其他:住宅區,1,1,全筆移轉,00480032
RPQNMLKKPHIGFCQ88DA,後庄段後庄小段,3117.00,非都市：特定農業區 ; 非都市編定：農牧用地,1,1,全筆移轉,01460000
RPXNMLKKPHIGFCQ96DA,溪西段,.48,,13,1,持分移轉,08970000
RPXNMLKKPHIGFCQ96DA,溪西段,20.48,,13,1,持分移轉,08990000
RPXNMLKKPHIGFCQ96DA,溪西段,1.19,,13,1,持分移轉,08990002
RPXNMLKKPHIGFCQ96DA,溪西段,6.34,,12,1,持分移轉,08990004
RPXNMLKKPHIGFCQ96DA,溪西段,3.17,,12,1,持分移轉,08990005
RPXNMLKKPHIGFCQ96DA,溪西段,105.28,,1,1,全筆移轉,09100007
RPUNMLQJPHIGFCQ17DA,西庄段,2156.00,非都市：特定農業區 ; 非都市編定：養殖用地,1,1,全筆移轉,01740004
RPPNMLNKPHIGFCQ09DA,東湖段,.24,非都市：特定農業區 ; 非都市編定：農牧用地,8100,1,持分移轉,00040000
SPPNMLNKPHIGFCQ56DA,東湖段,.24,非都市：特定農業區 ; 非都市編定：農牧用地,8100,1,持分移轉,00040000
TPPNMLNKPHIGFCQ66DA,東湖段,10.93,非都市：特定農業區 ; 非都市編定：農牧用地,8100,45,持分移轉,00040000
RPQNMLSJOHIGFCQ86DA,中洋子段,151.00,非都市：鄉村區 ; 非都市編定：乙種建築用地,1,1,全筆移轉,05030016
RPQNMLSJOHIGFCQ86DA,中洋子段,47.36,非都市：鄉村區 ; 非都市編定：乙種建築用地,2104,397,持分移轉,05030018
RPVNMLQJPHIGFCQ27DA,西庄段,107.25,非都市：鄉村區 ; 非都市編定：交通用地,4,1,持分移轉,01740001
RPPNMLQJPHIGFBQ56DA,嘉朴段,7.77,都市：其他:住宅區,100000,135,持分移轉,02620000
RPRNMLKKPHIGFBQ88DA,樹林頭段樹林小段,47.00,非都市：一般農業區 ; 非都市編定：農牧用地,1,1,全筆移轉,02840002
RPSNMLRJPHIGFBQ96DA,安福段,7.50,都市：其他:住宅區,2,1,持分移轉,08900000
RPRNMLPJPHIGFBQ66DA,港尾寮段豐美小段,1421.00,非都市：特定農業區 ; 非都市編定：農牧用地,1,1,全筆移轉,06780001
RPPNMLMJPHIGFBQ78DA,鴨母寮段竹村小段,1.42,非都市：鄉村區 ; 非都市編定：交通用地,24,1,持分移轉,12170000
RPPNMLMJPHIGFBQ78DA,鴨母寮段竹村小段,16.67,非都市：鄉村區 ; 非都市編定：乙種建築用地,24,1,持分移轉,12180000
RPPNMLMJPHIGFBQ78DA,鴨母寮段竹村小段,13.46,非都市：鄉村區 ; 非都市編定：交通用地,24,1,持分移轉,12760000
RPPNMLMJPHIGFBQ78DA,鴨母寮段竹村小段,.42,非都市：鄉村區 ; 非都市編定：乙種建築用地,24,1,持分移轉,12760001
RPPNMLMJPHIGFBQ78DA,鴨母寮段竹村小段,134.58,非都市：鄉村區 ; 非都市編定：乙種建築用地,134649,6250,持分移轉,12770000
RPVNMLRLOHIGFBQ37DA,六興段,11.61,都市：其他:住宅區,1,1,全筆移轉,03710000
RPVNMLRLOHIGFBQ37DA,六興段,45.33,都市：其他:住宅區,1,1,全筆移轉,03720000
RPTNMLKKPHIGFBQ09DA,崙陽段,9.45,非都市：鄉村區 ; 非都市編定：乙種建築用地,2,1,持分移轉,01920000
RPRNMLLKPHIGFBQ98DA,鎮安段,21.48,都市：其他:住宅區,10000,150,持分移轉,04410002
RPRNMLOJPHIGFBQ56DA,新生段,99.45,都市：其他:住宅區,1,1,全筆移轉,00380048
RPTNMLKKPHIGFBQ09DA,崙陽段,137.97,非都市：鄉村區 ; 非都市編定：乙種建築用地,2,1,持分移轉,01930000
RPQNMLKKPHIGFBQ78DA,大葛段,2.17,非都市：鄉村區 ; 非都市編定：交通用地,12,1,持分移轉,09030000
RPQNMLKKPHIGFBQ78DA,大葛段,8.67,非都市：鄉村區 ; 非都市編定：乙種建築用地,12,1,持分移轉,09040000
RPQNMLKKPHIGFBQ78DA,大葛段,74.90,非都市：鄉村區 ; 非都市編定：乙種建築用地,1,1,全筆移轉,09080000
RPQNMLKKPHIGFBQ78DA,大葛段,1.83,非都市：鄉村區 ; 非都市編定：交通用地,12,1,持分移轉,09120000
RPSNMLLKPHIGFCQ56DA,建國段,69.00,非都市：鄉村區 ; 非都市編定：乙種建築用地,1,1,全筆移轉,10940000
RPRNMLLKPHIGFCQ09DA,建國段,76.00,都市：其他:住,1,1,全筆移轉,04270008
RPROMLKKPHIGFCQ09DA,世興段,.76,都市：其他:住,10000,40,持分移轉,08510001
RPROMLKKPHIGFCQ09DA,世興段,29.64,都市：其他:住,10000,40,持分移轉,08570001
RPPOMLKKPHIGFCQ88DA,甘蔗崙段甘蔗崙小段,74.00,都市：其他:住,1,1,全筆移轉,01180055
RPSNMLRJPHIGFCQ07DA,崙子頂段,67.00,非都市：特定農業區 ; 非都市編定：甲種建築用地,1,1,全筆移轉,11040011
RPXNMLNJPHIGFDQ27DA,中庄段,97.96,非都市：特定農業區 ; 非都市編定：甲種建築用地,1,1,全筆移轉,08830000
RPXNMLNJPHIGFDQ27DA,中庄段,13.03,非都市：特定農業區 ; 非都市編定：甲種建築用地,1,1,全筆移轉,08840000
RPRNMLKKPHIGFCQ98DA,崙子頂段,111.00,非都市：鄉村區 ; 非都市編定：乙種建築用地,1,1,全筆移轉,02660017
RPRNMLKKPHIGFCQ98DA,崙子頂段,19.56,非都市：鄉村區 ; 非都市編定：乙種建築用地,9,1,持分移轉,02660019
RPPNMLLKPHIGFCQ98EA,西林段,43.62,都市：其他:住,10000,1275,持分移轉,06300000
RPQNMLMKPHIGFCQ56EA,福安段,71.62,都市：其他:住,1,1,全筆移轉,10510038
RPQNMLMKPHIGFCQ56EA,福安段,18.41,都市：其他:住,1000,35,持分移轉,10510039
RPPNMLKKPHIGFDQ98EA,和美段,101.94,都市：其他:住宅區,1,1,全筆移轉,06760000
RPPNMLLKPHIGFDQ09EA,頂潭段頂潭小段,1321.00,非都市：特定農業區 ; 非都市編定：農牧用地,2,1,持分移轉,06090000
RPQNMLKKPHIGFDQ09EA,新舊埤段,15.86,非都市：鄉村區 ; 非都市編定：乙種建築用地,110,1,持分移轉,14120000
RPQNMLKKPHIGFDQ09EA,新舊埤段,2.07,非都市：鄉村區 ; 非都市編定：乙種建築用地,110,1,持分移轉,14130000
RPQNMLLKPHIGFDQ56EA,下潭段雲龍小段,1807.00,非都市：特定農業區 ; 非都市編定：農牧用地,1,1,全筆移轉,00440000
RPRNMLMKPHIGFCQ66EA,三間厝段,80.00,非都市：一般農業區 ; 非都市編定：甲種建築用地,1,1,全筆移轉,00860006
RPTNMLMKPHIGFCQ86EA,江厝店段,1884.00,非都市：特定農業區 ; 非都市編定：農牧用地,2,1,持分移轉,09370000
RPVNMLOJPHIGFCQ07DA,復興段,114.12,非都市：特定農業區 ; 非都市編定：農牧用地,24,1,持分移轉,08750000
RPVNMLOJPHIGFCQ07DA,復興段,26.13,非都市：特定農業區 ; 非都市編定：甲種建築用地,24,1,持分移轉,08760000
RPVNMLOJPHIGFCQ07DA,復興段,95.96,非都市：特定農業區 ; 非都市編定：農牧用地,24,1,持分移轉,08770000
RPVNMLOJPHIGFCQ07DA,復興段,76.34,非都市：特定農業區 ; 非都市編定：甲種建築用地,24,1,持分移轉,08780000
RPWNMLOJPHIGFCQ17DA,溪西段,.48,,13,1,持分移轉,08970000
RPWNMLOJPHIGFCQ17DA,溪西段,20.48,,13,1,持分移轉,08990000
RPWNMLOJPHIGFCQ17DA,溪西段,1.19,,13,1,持分移轉,08990002
RPWNMLOJPHIGFCQ17DA,溪西段,6.34,,12,1,持分移轉,08990004
RPWNMLOJPHIGFCQ17DA,溪西段,3.17,,12,1,持分移轉,08990005
RPWNMLOJPHIGFCQ17DA,溪西段,101.92,,1,1,全筆移轉,09100005
RPPNMLMKPHIGFCQ09EA,東榮段,5.66,都市：其他:商,1,1,全筆移轉,09040000
RPPNMLNKPHIGFEQ66DA,內甕段,331.00,都市：其他:保護區,1,1,全筆移轉,03640011
RPUNMLRJOHIGFDQ27DA,新三界埔段,140.20,非都市：鄉村區 ; 非都市編定：乙種建築用地,1,1,全筆移轉,20730000
RPSOMLNJPHIGFDQ86DA,柳林段,91.78,非都市：鄉村區 ; 非都市編定：乙種建築用地,1,1,全筆移轉,09280000
RPWNMLPJPHIGFDQ37DA,佳興段,95.42,都市：其他:住宅區,1,1,全筆移轉,05590000
RPSNMLRJPHIGFDQ17DA,麻寮段,348.66,都市：其他:住宅區,1,1,全筆移轉,08330003
RPSNMLRJPHIGFDQ17DA,麻寮段,60.42,都市：其他:住宅區,12,2,持分移轉,08330006
RPUOMLKKPHIGFCQ76DA,大崙段大崙小段,3379.00,非都市：特定農業區 ; 非都市編定：農牧用地,1,1,全筆移轉,01870000
RPPNMLKKPHIGFDQ88DA,梅子厝段梅厝小段,163.50,非都市：特定農業區 ; 非都市編定：農牧用地,2,1,持分移轉,01290000
RPPNMLKKPHIGFDQ88DA,梅子厝段梅厝小段,164.00,非都市：特定農業區 ; 非都市編定：農牧用地,2,1,持分移轉,01300000
RPPNMLKKPHIGFDQ88DA,梅子厝段梅厝小段,23.08,非都市：特定農業區 ; 非都市編定：農牧用地,12,1,持分移轉,01300001
RPXNMLRJPHIGFCQ57DA,菜公厝段咬竹小段,3176.00,非都市：特定農業區 ; 非都市編定：農牧用地,1,1,全筆移轉,08940000
RPSNMLKKPHIGFDQ56DA,光興段,65.67,都市：其他:住宅區,1,1,全筆移轉,09190000
RPPNMLMKPHIGFBQ88DA,溪墘段溪墘小段,2613.00,非都市：一般農業區 ; 非都市編定：農牧用地,1,1,全筆移轉,01770000
RPSNMLKKPHIGFDQ56DA,光興段,65.66,都市：其他:住宅區,1,1,全筆移轉,09200000
RPSNMLKKPHIGFDQ56DA,光興段,65.64,都市：其他:住宅區,1,1,全筆移轉,09210000
RPSNMLKKPHIGFDQ56DA,光興段,64.93,都市：其他:住宅區,1,1,全筆移轉,09620000
RPSNMLKKPHIGFDQ56DA,光興段,78.22,都市：其他:住宅區,1,1,全筆移轉,09630000
RPSNMLKKPHIGFDQ56DA,光興段,7.23,都市：其他:人行步道,1,1,全筆移轉,09640000
RPSNMLKKPHIGFDQ56DA,光興段,6.08,都市：其他:人行步道,1,1,全筆移轉,09650000
RPQNMLMKPHIGFBQ98DA,嘉朴段,95.45,都市：其他:住宅區,1,1,全筆移轉,02580005
RPQNMLMKPHIGFBQ98DA,嘉朴段,.42,都市：其他:住宅區,152,1,持分移轉,02580007
RPQNMLMKPHIGFBQ98DA,嘉朴段,.43,都市：其他:住宅區,152,1,持分移轉,02580016
RPQNMLMKPHIGFBQ98DA,嘉朴段,.45,都市：其他:住宅區,152,1,持分移轉,02580025
RPQNMLMKPHIGFBQ98DA,嘉朴段,14.67,都市：其他:住宅區,152,1,持分移轉,02580153
RPSNMLQLOHIGFBQ96DA,岸腳段,179.89,都市：其他:住宅區,1,1,全筆移轉,06800004
RPSNMLQLOHIGFBQ96DA,岸腳段,62.44,都市：其他:住宅區,3,1,持分移轉,06800005
RPSNMLQJOHIGFCQ86DA,柴林脚段柴林小段,1131.00,非都市：特定農業區 ; 非都市編定：農牧用地,2,1,持分移轉,00960000
RPSNMLTLOHIGFBQ27DA,溪口段,277.77,非都市：鄉村區 ; 非都市編定：乙種建築用地,1,1,全筆移轉,01740000
RPSNMLTLOHIGFBQ27DA,溪口段,316.41,非都市：特定農業區 ; 非都市編定：農牧用地,4,1,持分移轉,01760000
RPTNMLNJPHIGFBQ66DA,湖底段湖底小段,2577.00,非都市：一般農業區 ; 非都市編定：農牧用地,1,1,全筆移轉,03800000
RPSNMLTLOHIGFBQ27DA,溪口段,100.95,非都市：鄉村區 ; 非都市編定：乙種建築用地,16,1,持分移轉,01780000
RPPNMLNKPHIGFBQ98DA,考試潭段考試小段,2020.00,非都市：一般農業區 ; 非都市編定：農牧用地,1,1,全筆移轉,02380000
RPSNMLNKPHIGFBQ66DA,考試潭段考試小段,2020.00,非都市：一般農業區 ; 非都市編定：農牧用地,1,1,全筆移轉,02390000
RPSNMLNKPHIGFBQ66DA,考試潭段考試小段,505.00,非都市：一般農業區 ; 非都市編定：農牧用地,1,1,全筆移轉,02400000
RPXNMLKLOHIGFCQ96DA,中工段,99.00,非都市：工業區 ; 非都市編定：丁種建築用地,1,1,全筆移轉,00640013
RPPNMLRJPHIGFDQ86DA,中庄段,57.49,非都市：鄉村區 ; 非都市編定：乙種建築用地,1,1,全筆移轉,17590001
RPPNMLRJPHIGFDQ86DA,中庄段,101.85,非都市：鄉村區 ; 非都市編定：乙種建築用地,1,1,全筆移轉,17590004
RPPNMLRJPHIGFDQ86DA,中庄段,115.22,非都市：鄉村區 ; 非都市編定：乙種建築用地,1,1,全筆移轉,17590007
RPPNMLRJPHIGFDQ86DA,中庄段,116.14,非都市：鄉村區 ; 非都市編定：乙種建築用地,1,1,全筆移轉,17590008
RPPNMLRJPHIGFDQ86DA,中庄段,111.50,非都市：鄉村區 ; 非都市編定：乙種建築用地,1,1,全筆移轉,17590009
RPPNMLRJPHIGFDQ86DA,中庄段,106.87,非都市：鄉村區 ; 非都市編定：乙種建築用地,1,1,全筆移轉,17590010
RPPNMLRJPHIGFDQ86DA,中庄段,132.60,非都市：鄉村區 ; 非都市編定：乙種建築用地,1,1,全筆移轉,17590011
RPPNMLRJPHIGFDQ86DA,中庄段,108.74,非都市：鄉村區 ; 非都市編定：乙種建築用地,1,1,全筆移轉,17590012
RPPNMLRJPHIGFDQ86DA,中庄段,116.26,非都市：鄉村區 ; 非都市編定：乙種建築用地,1,1,全筆移轉,17590013
RPPNMLRJPHIGFDQ86DA,中庄段,96.45,非都市：鄉村區 ; 非都市編定：乙種建築用地,1,1,全筆移轉,17590014
RPPNMLRJPHIGFDQ86DA,中庄段,32.27,非都市：鄉村區 ; 非都市編定：交通用地,30,4,持分移轉,17610000
RPQNMLTLOHIGFDQ27DA,水東段,83.37,都市：其他:住宅區,1,1,全筆移轉,02570000
RPRNMLMKPHIGFEQ86EA,梅北段,119.00,都市：住,1,1,全筆移轉,23100002
RPPNMLRKOHIGFEQ96DA,獅子頭段,13.45,非都市：山坡地保育區 ; 非都市編定：丙種建築用地,40,1,持分移轉,02170000
RPPNMLRKOHIGFEQ96DA,獅子頭段,42.20,非都市：山坡地保育區 ; 非都市編定：丙種建築用地,40,1,持分移轉,02290000
RPPNMLNKPHIGFEQ76EA,內甕段,4.52,都市：住,10000,8,持分移轉,00970009
RPPNMLNKPHIGFEQ76EA,內甕段,.22,都市：其他:保護區,10000,8,持分移轉,00970043
SPPNMLNKPHIGFBQ56EA,下雙溪段,1606.38,非都市：一般農業區 ; 非都市編定：農牧用地,8,1,持分移轉,02890000
RPPNMLNKPHIGFBQ09EA,六腳段六南小段,1165.00,非都市：特定農業區 ; 非都市編定：農牧用地,1,1,全筆移轉,06450000
RPVNMLMKPHIGFCQ07EA,江厝店段,628.00,非都市：特定農業區 ; 非都市編定：農牧用地,6,1,持分移轉,09370000
RPUNMLMKPHIGFCQ96EA,江厝店段,628.00,非都市：特定農業區 ; 非都市編定：農牧用地,6,1,持分移轉,09370000
TPPNMLNKPHIGFBQ66EA,下雙溪段,807.50,非都市：一般農業區 ; 非都市編定：農牧用地,2,1,持分移轉,02040000
RPPNMLNKPHIGFCQ56EA,沙崙段,1271.03,非都市：一般農業區 ; 非都市編定：農牧用地,1,1,全筆移轉,13860000
RPSNMLLKPHIGFDQ76EA,下潭段下潭小段,2222.00,非都市：特定農業區 ; 非都市編定：農牧用地,1,1,全筆移轉,02650000
RPSNMLLKPHIGFDQ76EA,下潭段下潭小段,2222.00,非都市：特定農業區 ; 非都市編定：農牧用地,1,1,全筆移轉,02660000
RPQNMLNKPHIGFCQ66EA,牛斗山段,1395.00,非都市：特定農業區 ; 非都市編定：農牧用地,1,1,全筆移轉,08960002
RPVNMLRLOHIGFDQ57DA,社口段,2500.00,非都市：山坡地保育區 ; 非都市編定：農牧用地,1,1,全筆移轉,00870169
RPPNMLTLOHIGFDQ17DA,茄苳脚段春珠小段,3569.00,都市：其他:農業區,1,1,全筆移轉,00330000
RPPOMLLKPHIGFDQ09DA,南靖段南和小段,178.99,非都市：特定農業區 ; 非都市編定：農牧用地,81000,17899,持分移轉,14560000
RPPOMLLKPHIGFDQ09DA,南靖段南和小段,132.00,非都市：特定農業區 ; 非都市編定：甲種建築用地,1,1,全筆移轉,14570006
RPQNMLLLOHIGFDQ09DA,埔南段,84.86,都市：其他:住宅區,1,1,全筆移轉,04120000
RPQNMLLLOHIGFDQ09DA,埔南段,129.06,都市：其他:住宅區,1,1,全筆移轉,04130000
RPRNMLMKPHIGFCQ56DA,新庄段,16.60,都市：其他:農,133059,1660,持分移轉,16650003
RPPNMLRKOHIGFDQ86DA,粗溪新段,132.86,都市：其他:住宅區,1,1,全筆移轉,03210000
RPPNMLRKOHIGFDQ86DA,粗溪新段,131.64,,1,1,全筆移轉,03210001
RPPNMLOKPHIGFCQ56DA,北斗段,57.41,都市：其他:四,1,1,全筆移轉,09930000
RPPNMLOKPHIGFCQ56DA,北斗段,8.50,,1,1,全筆移轉,09950000
RPUNMLSJPHIGFBQ27DA,埤子頭段埤前小段,2600.00,非都市：特定農業區 ; 非都市編定：農牧用地,1,1,全筆移轉,00240000
RPRNMLSJPHIGFBQ96DA,埤子頭段埤前小段,3260.00,非都市：特定農業區 ; 非都市編定：農牧用地,1,1,全筆移轉,03150000
RPQNMLPKPHIGFBQ66DA,新生段,90.25,都市：其他:住宅區,1,1,全筆移轉,00630526
RPWNMLSJPHIGFBQ47DA,埤子頭段埤前小段,3803.34,非都市：特定農業區 ; 非都市編定：農牧用地,1,1,全筆移轉,01850003
RPPNMLOKPHIGFBQ09DA,嘉朴段,7.60,都市：其他:住宅區,100000,132,持分移轉,02620000
RPPNMLRKPHIGFBQ76DA,潭子墘段北潭小段,3130.00,非都市：特定農業區 ; 非都市編定：農牧用地,1,1,全筆移轉,06350000
RPPNMLLJPHIGFBQ68DA,新店段新店小段,1698.00,非都市：特定專用區 ; 非都市編定：農牧用地,1,1,全筆移轉,00430000
RPSNMLQJPHIGFBQ86DA,溪子下段福安小段,356.40,非都市：鄉村區 ; 非都市編定：乙種建築用地,5,1,持分移轉,05390000
RPSNMLMKPHIGFBQ56DA,嘉朴段,7.60,都市：其他:住宅區,100000,132,持分移轉,02620000
RPTNMLMKPHIGFCQ76DA,番婆段安和小段,2360.00,非都市：特定農業區 ; 非都市編定：農牧用地,1,1,全筆移轉,05890000
RPQNMLMKPHIGFCQ09DA,新庄段,26.50,都市：其他:農,133059,2650,持分移轉,16650003
RPQNMLTLOHIGFCQ17DA,湖北段,587.71,非都市：特定農業區 ; 非都市編定：農牧用地,8,1,持分移轉,08690000
RPQNMLNKPHIGFCQ56DA,民農段,75.77,都市：其他:住,1,1,全筆移轉,04690009
RPPNMLLKPHIGFDQ98DA,竹頭崎段,2910.00,非都市：一般農業區 ; 非都市編定：農牧用地,1,1,全筆移轉,02860016
RPQNMLNKPHIGFCQ56DA,民農段,28.46,都市：其他:住,18,1,持分移轉,04690013
RPPNMLKMOHIGFCQ88DA,民工段,66.00,都市：其他:住,1,1,全筆移轉,02970000
RPSNMLNKPHIGFDQ86DA,東勢寮段,1025.25,都市：其他:住宅區,16,1,持分移轉,04690000
RPPNMLNKPHIGFDQ66EA,吳鳳廟段,476.65,都市：其他:道路,1,1,全筆移轉,16160000
RPPNMLNKPHIGFDQ66EA,吳鳳廟段,61.42,都市：其他:道路,1,1,全筆移轉,16170000
RPPNMLNKPHIGFDQ66EA,吳鳳廟段,20.53,都市：其他:人行步道,1,1,全筆移轉,16270000
RPPNMLNKPHIGFDQ66EA,吳鳳廟段,53.27,都市：其他:機關,1,1,全筆移轉,16280000
RPPNMLNKPHIGFDQ66EA,吳鳳廟段,19.41,都市：其他:人行步道,1,1,全筆移轉,16300000
RPPNMLNKPHIGFDQ66EA,吳鳳廟段,457.77,都市：其他:機關,1,1,全筆移轉,16310000
RPPNMLNKPHIGFDQ66EA,吳鳳廟段,148.60,都市：其他:人行步道,1,1,全筆移轉,16360000
RPPNMLNKPHIGFDQ66EA,吳鳳廟段,827.60,都市：其他:機關,1,1,全筆移轉,16370000
RPQNMLRKPHIGFCQ07EA,東湖段,128.47,非都市：鄉村區 ; 非都市編定：乙種建築用地,1,1,全筆移轉,17040000
RPPNMLOKPHIGFDQ76EA,水西段,106.26,都市：其他:住宅區,1,1,全筆移轉,10760011
RPPNMLOKPHIGFDQ76EA,水西段,40.96,都市：其他:住宅區,1000,200,持分移轉,10760013
RPPNMLOKPHIGFDQ76EA,水西段,.51,都市：其他:住宅區,1000,100,持分移轉,10760015
RPSNMLKMOHIGFEQ76DA,覆鐤金段,3889.00,非都市：山坡地保育區 ; 非都市編定：農牧用地,1,1,全筆移轉,09240002
RPRNMLKMOHIGFEQ66DA,覆鐤金段,2500.00,非都市：山坡地保育區 ; 非都市編定：農牧用地,1,1,全筆移轉,09240003
RPQNMLOKPHIGFDQ76DA,中庄段,113.09,非都市：鄉村區 ; 非都市編定：乙種建築用地,15,1,持分移轉,17910000
RPPNMLOKPHIGFDQ66DA,吳鳳廟段,77.63,都市：其他:住宅區,1,1,全筆移轉,14650000
RPVNMLLKPHIGFBQ76DA,更寮段,522.33,非都市：一般農業區 ; 非都市編定：農牧用地,3,1,持分移轉,02140000
RPRNMLRKPHIGFBQ96DA,五間厝段中厝小段,3795.00,非都市：特定農業區 ; 非都市編定：農牧用地,1,1,全筆移轉,05770000
RPPNMLNLOHIGFCQ09DA,福樂段,96.40,都市：其他:商,1,1,全筆移轉,01740000
RPRNMLTKPHIGFCQ27DA,埤子頭段埤子頭小段,3540.75,非都市：特定農業區 ; 非都市編定：農牧用地,4,3,持分移轉,00880000
RPQNMLPJPHIGFCQ66DA,世興段,6.51,,1,1,全筆移轉,02650000
RPQNMLPJPHIGFCQ66DA,世興段,53.72,都市：其他:附2,1,1,全筆移轉,02660000
RPOOMLQJPHIGFCQ66DA,陳厝寮段,93.83,都市：其他:住,12,1,持分移轉,01050009
RPOOMLQJPHIGFCQ66DA,陳厝寮段,55.08,都市：其他:文大,36,3,持分移轉,01050015
RPOOMLQJPHIGFCQ66DA,陳厝寮段,100.83,都市：其他:道路,72,6,持分移轉,01050031
RPOOMLQJPHIGFCQ66DA,陳厝寮段,2.33,都市：其他:住,12,1,持分移轉,01050037
RPOOMLQJPHIGFCQ66DA,陳厝寮段,49.17,都市：其他:住,72,6,持分移轉,01050056
RPOOMLQJPHIGFCQ66DA,陳厝寮段,1.83,都市：其他:住,12,1,持分移轉,01050073
RPOOMLQJPHIGFCQ66DA,陳厝寮段,1.00,都市：其他:住,12,1,持分移轉,01050079
RPPNMLNJPHIGFDQ09DA,佳興段,70.13,非都市：特定農業區 ; 非都市編定：交通用地,1,1,全筆移轉,06110000
RPUNMLNJPHIGFDQ96DA,崙子頂段崙頂小段,1200.00,都市：其他:住宅區,1,1,全筆移轉,02110000
RPTNMLRJOHIGFDQ17DA,塩舘段,478.00,非都市：特定農業區 ; 非都市編定：甲種建築用地,1,1,全筆移轉,02710031
RPPNMLOKOHIGFDQ56DA,金蘭段,27.28,非都市：鄉村區 ; 非都市編定：乙種建築用地,1,1,全筆移轉,01230003
RPPNMLOKOHIGFDQ56DA,金蘭段,17.50,非都市：鄉村區 ; 非都市編定：乙種建築用地,1,1,全筆移轉,01230004
RPPNMLOKOHIGFDQ56DA,金蘭段,194.51,非都市：鄉村區 ; 非都市編定：乙種建築用地,1,1,全筆移轉,01230006
RPSNMLRKPHIGFDQ27DA,北回段,162.54,都市：其他:住宅區,1,1,全筆移轉,06980000
RPPNMLSKPHIGFDQ07DA,粗溪段粗溪小段,52.64,都市：其他:住宅區,100000,1381,持分移轉,02790000
RPPNMLTKPHIGFCQ17EA,港東段,94.00,都市：其他:住,1,1,全筆移轉,01560000
RPPNMLTKPHIGFDQ27EA,過溝段過溝小段,31.65,都市：其他:住宅區,17,1,持分移轉,05140001
RPPNMLTKPHIGFDQ27EA,過溝段過溝小段,79.00,都市：其他:住宅區,1,1,全筆移轉,05140009
RPTNMLSKPHIGFDQ47DA,下塗溝段重劃小段,1000.00,非都市：特定農業區 ; 非都市編定：農牧用地,1,1,全筆移轉,08360000
RPOOMLOKPHIGFDQ66DA,牛稠埔段,8.33,非都市：山坡地保育區 ; 非都市編定：交通用地,3,1,持分移轉,02740005
RPOOMLOKPHIGFDQ66DA,牛稠埔段,.67,非都市：山坡地保育區 ; 非都市編定：交通用地,3,1,持分移轉,02740006
RPROMLOKPHIGFDQ96DA,牛稠埔段,288.50,非都市：山坡地保育區 ; 非都市編定：交通用地,2,1,持分移轉,02660001
RPSOMLOKPHIGFDQ07DA,牛稠埔段,288.50,非都市：山坡地保育區 ; 非都市編定：交通用地,2,1,持分移轉,02660001
RPSOMLOKPHIGFDQ07DA,牛稠埔段,8.33,非都市：山坡地保育區 ; 非都市編定：交通用地,3,1,持分移轉,02740005
RPSOMLOKPHIGFDQ07DA,牛稠埔段,.67,非都市：山坡地保育區 ; 非都市編定：交通用地,3,1,持分移轉,02740006
RPSOMLOKPHIGFDQ07DA,牛稠埔段,384.00,非都市：山坡地保育區 ; 非都市編定：交通用地,1,1,全筆移轉,02760022
RPWNMLRJPHIGFCQ47DA,甘蔗崙段甘蔗崙小段,18.48,都市：其他:住,27,1,持分移轉,01180000
RPWNMLRJPHIGFCQ47DA,甘蔗崙段甘蔗崙小段,64.00,都市：其他:住,1,1,全筆移轉,01180040
RPPNMLLLPHIGFBQ88DA,崁後段南崁小段,1120.00,非都市：特定農業區 ; 非都市編定：農牧用地,1,1,全筆移轉,09620000
RPPOMLOKPHIGFDQ76DA,牛稠埔段,8.33,非都市：山坡地保育區 ; 非都市編定：交通用地,3,1,持分移轉,02740005
RPPOMLOKPHIGFDQ76DA,牛稠埔段,.67,非都市：山坡地保育區 ; 非都市編定：交通用地,3,1,持分移轉,02740006
RPQNMLLLPHIGFBQ98DA,新寮段,163.58,都市：其他:住宅區,1,1,全筆移轉,00750000
RPRNMLNKPHIGFBQ56DA,新塭段好美小段,167.41,非都市：鄉村區 ; 非都市編定：乙種建築用地,1,1,全筆移轉,03270000
RPRNMLOKOHIGFBQ56DA,嘉朴段,40.71,都市：其他:第二種住宅區,10000,81,持分移轉,01260000
RPTNMLMKPHIGFBQ66DA,崁前段崁前小段,2244.00,非都市：特定農業區 ; 非都市編定：農牧用地,1,1,全筆移轉,05020000
RPTNMLMKPHIGFBQ66DA,崁前段崁前小段,942.00,非都市：特定農業區 ; 非都市編定：農牧用地,1,1,全筆移轉,05030000
RPRNMLMKPHIGFBQ09DA,溪洲段上溪小段,2970.00,非都市：特定農業區 ; 非都市編定：農牧用地,1,1,全筆移轉,08020000
RPRNMLTKPHIGFDQ47EA,水上段水上小段,2000.00,都市：其他:農業區,1,1,全筆移轉,02330000
RPQNMLKLPHIGFEQ56DA,轆子腳段,1102.00,非都市：一般農業區 ; 非都市編定：農牧用地,1,1,全筆移轉,01670000
RPWNMLTKPHIGFCQ77DA,豐收段,2292.58,非都市：特定農業區 ; 非都市編定：農牧用地,1,1,全筆移轉,06240000
RPRNMLRLOHIGFEQ27DA,內甕段,31.58,都市：其他:住宅區,10000,261,持分移轉,00560012
RPRNMLRLOHIGFEQ27DA,內甕段,60.00,都市：其他:住宅區,1,1,全筆移轉,00560031
RPRNMLRLOHIGFEQ27DA,內甕段,1.33,都市：其他:住宅區,10000,261,持分移轉,00560037
RPRNMLNJOHIGFEQ66DA,樟樹坪段,5183.00,非都市：山坡地保育區 ; 非都市編定：農牧用地,1,1,全筆移轉,12210002
RPPNMLSKPHIGFEQ17DA,內甕段,5.65,都市：其他:住宅區,10000,10,持分移轉,00970009
RPPNMLSKPHIGFEQ17DA,內甕段,.27,都市：其他:保護區,10000,10,持分移轉,00970043
RPPNMLKLPHIGFDQ98DA,龜佛山段竹山小段,3831.00,非都市：特定農業區 ; 非都市編定：農牧用地,1,1,全筆移轉,01660000
RPRNMLKLPHIGFDQ56DA,過溝段過溝小段,23.22,都市：其他:住宅區,161,7,持分移轉,10720001
RPRNMLKLPHIGFDQ56DA,過溝段過溝小段,83.00,都市：其他:住宅區,1,1,全筆移轉,10720020
RPUNMLTKPHIGFDQ67DA,光興段,1.75,都市：其他:道路,2,1,持分移轉,05760000
RPUNMLTKPHIGFDQ67DA,光興段,18.18,都市：其他:道路,2,1,持分移轉,05790000
RPUNMLTKPHIGFDQ67DA,光興段,15.64,都市：其他:道路,2,1,持分移轉,05800000
RPOOMLRLOHIGFDQ96DA,埔美段,111.17,非都市：山坡地保育區 ; 非都市編定：丙種建築用地,10000,51,持分移轉,02880000
RPUNMLTKPHIGFDQ67DA,光興段,6.93,都市：其他:道路,2,1,持分移轉,05810000
RPUNMLTKPHIGFDQ67DA,和睦段,1720.88,都市：其他:乙種工業區,2,1,持分移轉,07530000
RPUNMLTKPHIGFDQ67DA,和睦段,4.33,都市：其他:道路,2,1,持分移轉,07530001
RPUNMLTKPHIGFDQ67DA,和睦段,268.89,都市：其他:乙種工業區,2,1,持分移轉,07560000
RPUNMLTKPHIGFDQ67DA,和睦段,71.75,都市：其他:乙種工業區,2,1,持分移轉,07570000
SPPNMLOLPHIGFBQ66DA,嘉塭段,241.02,非都市：特定專用區 ; 非都市編定：甲種建築用地,1,1,全筆移轉,06200000
TPPNMLOLPHIGFBQ76DA,嘉塭段,37.79,非都市：特定專用區 ; 非都市編定：養殖用地,1,1,全筆移轉,06280002
TPQNMLOLPHIGFBQ86DA,嘉塭段,383.44,非都市：特定專用區 ; 非都市編定：養殖用地,1,1,全筆移轉,06280000
SPQNMLOLPHIGFBQ76DA,嘉塭段,149.84,非都市：特定專用區 ; 非都市編定：甲種建築用地,1,1,全筆移轉,06210000
UPQNMLOLPHIGFBQ96DA,嘉塭段,45.80,非都市：特定專用區 ; 非都市編定：養殖用地,1,1,全筆移轉,06280001
RPUNMLOLPHIGFBQ07DA,蒜頭段,2.12,非都市：鄉村區 ; 非都市編定：乙種建築用地,40,1,持分移轉,08870002
RPUNMLOLPHIGFBQ07DA,蒜頭段,1.57,非都市：鄉村區 ; 非都市編定：乙種建築用地,40,1,持分移轉,08880007
RPUNMLOLPHIGFBQ07DA,蒜頭段,.25,非都市：鄉村區 ; 非都市編定：交通用地,40,1,持分移轉,08880009
RPUNMLOLPHIGFBQ07DA,蒜頭段,4.67,非都市：鄉村區 ; 非都市編定：交通用地,40,1,持分移轉,08890013
RPUNMLOLPHIGFBQ07DA,蒜頭段,7.47,非都市：鄉村區 ; 非都市編定：交通用地,40,1,持分移轉,08890014
RPUNMLOLPHIGFBQ07DA,蒜頭段,6.58,非都市：鄉村區 ; 非都市編定：交通用地,40,1,持分移轉,08890015
RPUNMLOLPHIGFBQ07DA,蒜頭段,17.55,非都市：鄉村區 ; 非都市編定：交通用地,40,1,持分移轉,08910014
RPUNMLOLPHIGFBQ07DA,蒜頭段,3.73,非都市：鄉村區 ; 非都市編定：交通用地,40,1,持分移轉,08940007
RPUNMLOLPHIGFBQ07DA,蒜頭段,1.68,非都市：鄉村區 ; 非都市編定：交通用地,40,1,持分移轉,08950005
RPUNMLOLPHIGFBQ07DA,蒜頭段,107.00,非都市：鄉村區 ; 非都市編定：乙種建築用地,1,1,全筆移轉,08950007
RPUNMLOLPHIGFBQ07DA,蒜頭段,14.07,非都市：鄉村區 ; 非都市編定：交通用地,40,1,持分移轉,08950012
RPXOMLPLPHIGFBQ57DA,考試潭段考試小段,3342.00,非都市：一般農業區 ; 非都市編定：農牧用地,1,1,全筆移轉,06610001
RPUNMLNJPHIGFBQ76DA,過溝新段,2916.63,非都市：一般農業區 ; 非都市編定：農牧用地,1,1,全筆移轉,02420002
RPSNMLLKPHIGFDQ66DA,頂港子墘段頂港小段,1506.00,非都市：特定農業區 ; 非都市編定：農牧用地,1,1,全筆移轉,04150000
RPSNMLLLPHIGFBQ56DA,型厝段,37.22,非都市：鄉村區 ; 非都市編定：乙種建築用地,6,2,持分移轉,01600000
RPSNMLLLPHIGFBQ56DA,型厝段,21.14,非都市：鄉村區 ; 非都市編定：乙種建築用地,6,2,持分移轉,01610000
RPSNMLLLPHIGFBQ56DA,型厝段,42.20,非都市：鄉村區 ; 非都市編定：乙種建築用地,6,2,持分移轉,01620000
RPSNMLLLPHIGFBQ56DA,型厝段,655.52,非都市：鄉村區 ; 非都市編定：乙種建築用地,6,2,持分移轉,01630000
RPVNMLQJPHIGFDQ37DA,和雲段,75.75,非都市：鄉村區 ; 非都市編定：乙種建築用地,1,1,全筆移轉,01810000
RPPNMLOLPHIGFCQ66DA,港西段,174.00,都市：其他:住,1,1,全筆移轉,02180000
RPRNMLOLPHIGFCQ86DA,建國段,99.00,非都市：鄉村區 ; 非都市編定：乙種建築用地,1,1,全筆移轉,01250006
RPPNMLPLPHIGFCQ76DA,福南段,107.38,都市：其他:住,30,1,持分移轉,04200000
RPQNMLNLPHIGFDQ76DA,和溪段,182.81,非都市：特定農業區 ; 非都市編定：甲種建築用地,1,1,全筆移轉,00410000
RPRNMLLLPHIGFDQ66DA,嘉新段,1.60,都市：其他:住宅區,84,1,持分移轉,12140000
RPRNMLLLPHIGFDQ66DA,嘉新段,1.82,都市：其他:住宅區,84,1,持分移轉,12150000
RPPNMLLLPHIGFEQ56DA,樟樹坪段,609.00,非都市：山坡地保育區 ; 非都市編定：丙種建築用地,1,1,全筆移轉,07200004
RPPNMLLLPHIGFEQ56DA,樟樹坪段,35.00,非都市：山坡地保育區 ; 非都市編定：農牧用地,1,1,全筆移轉,07200005
RPPNMLOLPHIGFDQ86EA,竹子脚段松竹小段,3068.00,非都市：特定農業區 ; 非都市編定：農牧用地,1,1,全筆移轉,06050002
RPQNMLPLPHIGFDQ07EA,新埤段新埤小段,1122.00,非都市：特定農業區 ; 非都市編定：農牧用地,1,1,全筆移轉,20830000
RPQNMLPLPHIGFDQ07EA,新埤段新埤小段,129.00,非都市：特定農業區 ; 非都市編定：農牧用地,1,1,全筆移轉,22180000
RPQNMLPLPHIGFDQ07EA,新埤段新埤小段,2696.00,非都市：特定農業區 ; 非都市編定：農牧用地,1,1,全筆移轉,22220000
RPRNMLTKPHIGFEQ47DA,番子潭段,380.00,非都市：一般農業區 ; 非都市編定：農牧用地,1,1,全筆移轉,00640011
RPPNMLPLPHIGFDQ86DA,後堀段後堀小段,4176.00,非都市：特定農業區 ; 非都市編定：農牧用地,1,1,全筆移轉,02020000
RPTOMLOKPHIGFDQ17DA,大義段,7.92,都市：其他:住宅區,1,1,全筆移轉,11920007
RPTOMLOKPHIGFDQ17DA,大義段,104.01,都市：其他:住宅區,1,1,全筆移轉,12170000
RPQNMLPLPHIGFCQ86DA,溪北段溪北小段,1728.50,非都市：特定農業區 ; 非都市編定：農牧用地,1,1,全筆移轉,07600000
RPRNMLOJPHIGFDQ76DA,新番子寮段,2331.77,非都市：特定農業區 ; 非都市編定：農牧用地,1,1,全筆移轉,11050000
RPOOMLQLOHIGFDQ86DA,埔南段,241.34,都市：其他:住宅區,1,1,全筆移轉,03040000
RPPNMLPKPHIGFBQ56DA,龜子港段順安小段,2001.00,非都市：特定農業區 ; 非都市編定：農牧用地,1,1,全筆移轉,05300000
RPQNMLRJPHIGFBQ76DA,義竹段義竹小段,2010.00,非都市：特定農業區 ; 非都市編定：農牧用地,1,1,全筆移轉,02380000
RPPNMLLKPHIGFBQ78DA,五間厝段中厝小段,1799.62,非都市：特定農業區 ; 非都市編定：農牧用地,1,1,全筆移轉,03520000
RPUNMLLKPHIGFDQ86DA,頂潭新段,54.46,非都市：鄉村區 ; 非都市編定：乙種建築用地,8,1,持分移轉,13330000
RPSNMLQLPHIGFCQ17DA,溪西段,60.64,都市：其他:住,1,1,全筆移轉,08610004
RPSNMLQLPHIGFCQ17DA,溪西段,59.58,都市：其他:住,1,1,全筆移轉,08610005
RPWNMLQLPHIGFCQ57DA,民文段,89.99,都市：其他:住,1,1,全筆移轉,02610000
RPUNMLRKPHIGFCQ37DA,牛斗山段,3232.00,非都市：特定農業區 ; 非都市編定：農牧用地,1,1,全筆移轉,12620000
RPXNMLQLPHIGFCQ67DA,大崎腳段大崎腳小段,91.00,都市：其他:農,1,1,全筆移轉,00310073
RPVNMLRKPHIGFCQ47DA,牛斗山段,1496.00,非都市：特定農業區 ; 非都市編定：農牧用地,1,1,全筆移轉,12610000
RPQNMLRKPHIGFCQ96DA,新庄段,8847.53,都市：其他:農,5,4,持分移轉,05640000
RPRNMLOLPHIGFDQ96DA,嘉新段,30.70,都市：其他:住宅區,10000,78,持分移轉,06820000
RPQNMLRKPHIGFCQ96DA,新庄段,37.85,,5,4,持分移轉,05650000
RPSNMLTKPHIGFEQ57DA,番子潭段,380.00,非都市：一般農業區 ; 非都市編定：農牧用地,1,1,全筆移轉,00640010
RPPNMLSKOHIGFEQ07DA,灣橋段,2514.00,非都市：一般農業區 ; 非都市編定：農牧用地,1,1,全筆移轉,01990004
RPRNMLRKOHIGFDQ07DA,塩舘段,3268.00,非都市：山坡地保育區 ; 非都市編定：林業用地,1,1,全筆移轉,01920004
RPRNMLRKOHIGFDQ07DA,塩舘段,4776.00,非都市：山坡地保育區 ; 非都市編定：林業用地,1,1,全筆移轉,01920010
RPSNMLOJPHIGFBQ66DA,新庄段大館小段,5000.00,非都市：特定農業區 ; 非都市編定：農牧用地,1,1,全筆移轉,00140001
RPPNMLPLPHIGFEQ96DA,獅子頭段,5359.00,非都市：一般農業區 ; 非都市編定：農牧用地,1,1,全筆移轉,05700001
RPUNMLRLPHIGFDQ57DA,埔心段埔心小段,2275.00,非都市：特定農業區 ; 非都市編定：農牧用地,1,1,全筆移轉,06470001
RPWOMLPLPHIGFBQ47DA,慈安段,418.68,非都市：鄉村區 ; 非都市編定：乙種建築用地,1000,811,持分移轉,03990000
RPQNMLLJQHIGFEQ66EA,梅北段,2790.53,都市：其他:農,6,4,持分移轉,24780000
RPWOMLPLPHIGFBQ47DA,慈安段,297.42,非都市：鄉村區 ; 非都市編定：乙種建築用地,10000,9306,持分移轉,04010000
RPPNMLLJQHIGFEQ56EA,梅北段,4714.67,都市：其他:農,6,4,持分移轉,25140000
RPQNMLNJQHIGFEQ86EA,梅北段,81.00,都市：商,1,1,全筆移轉,09530000
RPQNMLNJQHIGFEQ86EA,梅北段,41.00,都市：其他:,1,1,全筆移轉,09540002
RPRNMLLJQHIGFEQ76EA,過山段過山小段,3650.00,非都市：山坡地保育區 ; 非都市編定：農牧用地,3,2,持分移轉,00120001
RPPNMLLJQHIGFDQ09EA,忠義段,4074.67,都市：其他:農業區,1,1,全筆移轉,13390000
RPRNMLRLPHIGFDQ27DA,北回段,164.00,都市：其他:住宅區,1,1,全筆移轉,06680000
RPTNMLRLPHIGFDQ47DA,民生段,3.79,非都市：鄉村區 ; 非都市編定：乙種建築用地,1,1,全筆移轉,00460000
RPTNMLRLPHIGFDQ47DA,民生段,54.06,非都市：鄉村區 ; 非都市編定：乙種建築用地,1,1,全筆移轉,00470000
RPPNMLOJQHIGFBQ09DA,菜舖廍段新吉小段,1822.00,非都市：一般農業區 ; 非都市編定：農牧用地,1,1,全筆移轉,00980000
RPPNMLOJQHIGFBQ09DA,菜舖廍段新吉小段,1117.00,非都市：一般農業區 ; 非都市編定：農牧用地,1,1,全筆移轉,01000000
RPRNMLPLPHIGFCQ96DA,潭底段潭底小段,58.57,都市：其他:住,70,1,持分移轉,03570000
RPRNMLPLPHIGFCQ96DA,潭底段潭底小段,.44,都市：其他:住,2441619,9409,持分移轉,03950001
RPTNMLQLOHIGFCQ17DA,菁埔段菁埔小段,1945.00,非都市：特定農業區 ; 非都市編定：農牧用地,1,1,全筆移轉,07260000
RPVNMLLJQHIGFDQ96DA,柳林段,177.35,非都市：鄉村區 ; 非都市編定：乙種建築用地,1,1,全筆移轉,00230000
RPPNMLNJQHIGFCQ56EA,福興段,67.49,非都市：鄉村區 ; 非都市編定：乙種建築用地,1,1,全筆移轉,04970000
RPPNMLMJQHIGFDQ56EA,龜佛山段重劃小段,1500.48,非都市：特定農業區 ; 非都市編定：農牧用地,3093,1547,持分移轉,10840000
RPRNMLNJQHIGFCQ76EA,新庄段,3007.80,非都市：特定農業區 ; 非都市編定：農牧用地,1,1,全筆移轉,00150000
RPPNMLNJQHIGFEQ76EA,崎腳段,2418.04,非都市：一般農業區 ; 非都市編定：農牧用地,1,1,全筆移轉,03030000
RPPNMLKLPHIGFCQ98EA,溪西段,73.08,,1,1,全筆移轉,04030001
RPSNMLRLPHIGFDQ37DA,崎子頭段崎子頭小段,2626.00,非都市：特定農業區 ; 非都市編定：農牧用地,1,1,全筆移轉,00970000
RPPNMLNJQHIGFEQ66DA,和平段,.72,都市：其他:道路,30,1,持分移轉,11940000
RPPNMLNJQHIGFEQ66DA,和平段,1.73,都市：其他:道路,30,1,持分移轉,11950001
RPPNMLNJQHIGFEQ66DA,和平段,64.29,都市：其他:住宅區,1,1,全筆移轉,11950002
RPPNMLQLPHIGFBQ76DA,中興段,1.68,都市：其他:住宅區,1,1,全筆移轉,06880000
RPPNMLQLPHIGFBQ76DA,中興段,310.04,都市：其他:住宅區,1,1,全筆移轉,06930002
RPPNMLOJQHIGFCQ56DA,雙援段何厝小段,2933.00,非都市：特定農業區 ; 非都市編定：農牧用地,1,1,全筆移轉,04640000
RPXNMLNJQHIGFBQ17DA,六腳新段,377.58,非都市：鄉村區 ; 非都市編定：乙種建築用地,1,1,全筆移轉,05710000
RPXNMLNJQHIGFBQ17DA,六腳新段,88.75,非都市：特定農業區 ; 非都市編定：交通用地,100000,18750,持分移轉,05740000
RPQNMLLJQHIGFDQ09DA,護生段,61.35,非都市：鄉村區 ; 非都市編定：乙種建築用地,1,1,全筆移轉,04420000
RPQNMLLJQHIGFDQ09DA,護生段,3.88,非都市：鄉村區 ; 非都市編定：乙種建築用地,20,1,持分移轉,04420001
RPQNMLLJQHIGFDQ09DA,護生段,181.25,非都市：鄉村區 ; 非都市編定：乙種建築用地,1,1,全筆移轉,04420007
RPQNMLLJQHIGFDQ09DA,護生段,1.64,非都市：鄉村區 ; 非都市編定：交通用地,30,1,持分移轉,06020000
RPQNMLNKPHIGFEQ76DA,番子潭段,4089.00,非都市：一般農業區 ; 非都市編定：農牧用地,1,1,全筆移轉,04370001
RPQNMLNKPHIGFEQ76DA,番子潭段,1536.00,非都市：一般農業區 ; 非都市編定：農牧用地,1,1,全筆移轉,04370009
RPPNMLSJQHIGFBQ86DA,嘉朴段,11.75,都市：其他:住宅區,100000,204,持分移轉,02620000
RPQNMLOJQHIGFCQ66DA,柳子溝段南靖厝小段,2434.00,非都市：特定農業區 ; 非都市編定：農牧用地,1,1,全筆移轉,05090000
RPQNMLOJQHIGFCQ66DA,柳子溝段南靖厝小段,2491.00,非都市：特定農業區 ; 非都市編定：農牧用地,1,1,全筆移轉,05100000
RPVNMLRJQHIGFCQ47DA,內林段內林小段,1360.00,非都市：特定農業區 ; 非都市編定：農牧用地,1,1,全筆移轉,05650000
RPSNMLKMOHIGFDQ66DA,埔東段,21.78,都市：其他:商業區,9,1,持分移轉,10620000
RPSNMLKMOHIGFDQ66DA,埔東段,166.44,都市：其他:商業區,1,1,全筆移轉,10620018
RPSNMLKMOHIGFDQ66DA,埔東段,8.86,都市：其他:商業區,1,1,全筆移轉,13350006
RPRNMLOJQHIGFBQ66DA,新生段,180.28,都市：其他:住宅區,1,1,全筆移轉,00790019
RPVRMLRKOHIGFCQ77DA,菜公厝段,195.00,非都市：特定農業區 ; 非都市編定：甲種建築用地,1,1,全筆移轉,03560005
RPQNMLQJQHIGFDQ96DA,安家厝段,31.45,非都市：特定農業區 ; 非都市編定：甲種建築用地,100000,2240,持分移轉,16070000
RPRNMLQJQHIGFDQ07DA,安家厝段,25.35,非都市：特定農業區 ; 非都市編定：甲種建築用地,100000,1806,持分移轉,16070000
RPPNMLSJQHIGFDQ07DA,田寮段,69.06,非都市：特定農業區 ; 非都市編定：甲種建築用地,1,1,全筆移轉,09530000
RPPNMLSLPHIGFEQ27DA,梅南段,630.00,都市：住,1,1,全筆移轉,09340000
RPPNMLSLPHIGFEQ27DA,梅南段,1409.00,都市：住,1,1,全筆移轉,09350000
RPRNMLSJQHIGFDQ27DA,龍潭段,40.05,都市：其他:住宅區,50,20,持分移轉,05310000
RPPNMLTJQHIGFBQ07EA,嘉朴段,5.87,都市：其他:住宅區,100000,102,持分移轉,02620000
RPPNMLTJQHIGFCQ17EA,中工段,82.50,非都市：工業區 ; 非都市編定：丁種建築用地,1,1,全筆移轉,00210003
RPUNMLTJQHIGFCQ57DA,東榮段,8.98,,1,1,全筆移轉,07230019
RPUNMLTJQHIGFCQ57DA,東榮段,18.00,,1,1,全筆移轉,07320000
RPUNMLTJQHIGFCQ57DA,東榮段,412.00,都市：其他:住,1,1,全筆移轉,07330000
RPPNMLPJQHIGFCQ66DA,金興段,85.00,都市：其他:住,1,1,全筆移轉,04270000
RPROMLKKQHIGFDQ66DA,義興段,4088.26,非都市：特定農業區 ; 非都市編定：農牧用地,1,1,全筆移轉,04130000
RPQPMLTJQHIGFDQ47DA,新埤段新埤小段,82.00,非都市：特定農業區 ; 非都市編定：甲種建築用地,1,1,全筆移轉,02720009
RPPNMLLKQHIGFBQ98EA,六腳新段,13.18,非都市：特定農業區 ; 非都市編定：水利用地,14,1,持分移轉,00480000
RPQNMLLKQHIGFBQ09EA,六腳新段,13.18,非都市：特定農業區 ; 非都市編定：水利用地,14,1,持分移轉,00480000
RPPNMLSKPHIGFCQ96DA,新三角段,168.20,非都市：鄉村區 ; 非都市編定：乙種建築用地,1,1,全筆移轉,08870003
RPPNMLSKPHIGFCQ96DA,新三角段,80.00,非都市：鄉村區 ; 非都市編定：乙種建築用地,1,1,全筆移轉,08870004
RPPNMLSKPHIGFCQ96DA,新三角段,80.00,非都市：鄉村區 ; 非都市編定：乙種建築用地,1,1,全筆移轉,08870005
RPPNMLSKPHIGFCQ96DA,新三角段,80.00,非都市：鄉村區 ; 非都市編定：乙種建築用地,1,1,全筆移轉,08870006
RPPNMLSKPHIGFCQ96DA,新三角段,80.00,非都市：鄉村區 ; 非都市編定：乙種建築用地,1,1,全筆移轉,08870007
RPPNMLSKPHIGFCQ96DA,新三角段,80.00,非都市：鄉村區 ; 非都市編定：乙種建築用地,1,1,全筆移轉,08870008
RPPNMLSKPHIGFCQ96DA,新三角段,80.00,非都市：鄉村區 ; 非都市編定：乙種建築用地,1,1,全筆移轉,08870009
RPPNMLSKPHIGFCQ96DA,新三角段,80.00,非都市：鄉村區 ; 非都市編定：乙種建築用地,1,1,全筆移轉,08870010
RPPNMLSKPHIGFCQ96DA,新三角段,80.00,非都市：鄉村區 ; 非都市編定：乙種建築用地,1,1,全筆移轉,08870011
RPPNMLSKPHIGFCQ96DA,新三角段,80.00,非都市：鄉村區 ; 非都市編定：乙種建築用地,1,1,全筆移轉,08870012
RPPNMLSKPHIGFCQ96DA,新三角段,80.00,非都市：鄉村區 ; 非都市編定：乙種建築用地,1,1,全筆移轉,08870013
RPPNMLSKPHIGFCQ96DA,新三角段,80.00,非都市：鄉村區 ; 非都市編定：乙種建築用地,1,1,全筆移轉,08870014
RPPNMLSKPHIGFCQ96DA,新三角段,80.00,非都市：鄉村區 ; 非都市編定：乙種建築用地,1,1,全筆移轉,08870015
RPRNMLLKQHIGFBQ56EA,六腳新段,13.18,非都市：特定農業區 ; 非都市編定：水利用地,14,1,持分移轉,00480000
RPPNMLSKPHIGFCQ96DA,新三角段,82.24,非都市：鄉村區 ; 非都市編定：乙種建築用地,1,1,全筆移轉,08870016
RPPNMLSKPHIGFCQ96DA,新三角段,81.40,非都市：鄉村區 ; 非都市編定：乙種建築用地,1,1,全筆移轉,08870017
RPPNMLSKPHIGFCQ96DA,新三角段,82.30,非都市：鄉村區 ; 非都市編定：乙種建築用地,1,1,全筆移轉,08870018
RPPNMLSKPHIGFCQ96DA,新三角段,97.25,非都市：鄉村區 ; 非都市編定：乙種建築用地,1,1,全筆移轉,08870019
RPPNMLSKPHIGFCQ96DA,新三角段,792.46,非都市：鄉村區 ; 非都市編定：乙種建築用地,1,1,全筆移轉,08870020
RPPNMLSKPHIGFCQ96DA,新三角段,91.29,非都市：鄉村區 ; 非都市編定：乙種建築用地,1,1,全筆移轉,08870021
RPPNMLSKPHIGFCQ96DA,新三角段,80.00,非都市：鄉村區 ; 非都市編定：乙種建築用地,1,1,全筆移轉,08870022
RPPNMLSKPHIGFCQ96DA,新三角段,80.00,非都市：鄉村區 ; 非都市編定：乙種建築用地,1,1,全筆移轉,08870023
RPPNMLSKPHIGFCQ96DA,新三角段,80.00,非都市：鄉村區 ; 非都市編定：乙種建築用地,1,1,全筆移轉,08870024
RPPNMLSKPHIGFCQ96DA,新三角段,80.00,非都市：鄉村區 ; 非都市編定：乙種建築用地,1,1,全筆移轉,08870025
RPPNMLSKPHIGFCQ96DA,新三角段,80.00,非都市：鄉村區 ; 非都市編定：乙種建築用地,1,1,全筆移轉,08870026
RPPNMLSKPHIGFCQ96DA,新三角段,80.00,非都市：鄉村區 ; 非都市編定：乙種建築用地,1,1,全筆移轉,08870027
RPPNMLSKPHIGFCQ96DA,新三角段,80.00,非都市：鄉村區 ; 非都市編定：乙種建築用地,1,1,全筆移轉,08870028
RPPNMLSKPHIGFCQ96DA,新三角段,80.00,非都市：鄉村區 ; 非都市編定：乙種建築用地,1,1,全筆移轉,08870029
RPPNMLSKPHIGFCQ96DA,新三角段,80.00,非都市：鄉村區 ; 非都市編定：乙種建築用地,1,1,全筆移轉,08870030
RPPNMLSKPHIGFCQ96DA,新三角段,80.00,非都市：鄉村區 ; 非都市編定：乙種建築用地,1,1,全筆移轉,08870031
RPPNMLSKPHIGFCQ96DA,新三角段,80.00,非都市：鄉村區 ; 非都市編定：乙種建築用地,1,1,全筆移轉,08870032
RPPNMLSKPHIGFCQ96DA,新三角段,80.00,非都市：鄉村區 ; 非都市編定：乙種建築用地,1,1,全筆移轉,08870033
RPPNMLSKPHIGFCQ96DA,新三角段,80.00,非都市：鄉村區 ; 非都市編定：乙種建築用地,1,1,全筆移轉,08870034
RPPNMLSKPHIGFCQ96DA,新三角段,84.00,非都市：鄉村區 ; 非都市編定：乙種建築用地,1,1,全筆移轉,08870035
RPPNMLSKPHIGFCQ96DA,新三角段,171.16,非都市：鄉村區 ; 非都市編定：乙種建築用地,1,1,全筆移轉,08870036
RPPNMLSKPHIGFCQ96DA,新三角段,112.66,非都市：鄉村區 ; 非都市編定：乙種建築用地,1,1,全筆移轉,08870037
RPPNMLSKPHIGFCQ96DA,新三角段,98.10,非都市：鄉村區 ; 非都市編定：乙種建築用地,1,1,全筆移轉,08870038
RPPNMLSKPHIGFCQ96DA,新三角段,98.10,非都市：鄉村區 ; 非都市編定：乙種建築用地,1,1,全筆移轉,08870039
RPPNMLSKPHIGFCQ96DA,新三角段,98.10,非都市：鄉村區 ; 非都市編定：乙種建築用地,1,1,全筆移轉,08870040
RPPNMLSKPHIGFCQ96DA,新三角段,98.10,非都市：鄉村區 ; 非都市編定：乙種建築用地,1,1,全筆移轉,08870041
RPPNMLSKPHIGFCQ96DA,新三角段,98.10,非都市：鄉村區 ; 非都市編定：乙種建築用地,1,1,全筆移轉,08870042
RPPNMLSKPHIGFCQ96DA,新三角段,98.10,非都市：鄉村區 ; 非都市編定：乙種建築用地,1,1,全筆移轉,08870043
RPPNMLSKPHIGFCQ96DA,新三角段,98.10,非都市：鄉村區 ; 非都市編定：乙種建築用地,1,1,全筆移轉,08870044
RPPNMLSKPHIGFCQ96DA,新三角段,98.10,非都市：鄉村區 ; 非都市編定：乙種建築用地,1,1,全筆移轉,08870045
RPPNMLSKPHIGFCQ96DA,新三角段,98.10,非都市：鄉村區 ; 非都市編定：乙種建築用地,1,1,全筆移轉,08870046
RPPNMLSKPHIGFCQ96DA,新三角段,98.10,非都市：鄉村區 ; 非都市編定：乙種建築用地,1,1,全筆移轉,08870047
RPPNMLSKPHIGFCQ96DA,新三角段,98.10,非都市：鄉村區 ; 非都市編定：乙種建築用地,1,1,全筆移轉,08870048
RPPNMLSKPHIGFCQ96DA,新三角段,98.10,非都市：鄉村區 ; 非都市編定：乙種建築用地,1,1,全筆移轉,08870049
RPPNMLSKPHIGFCQ96DA,新三角段,98.10,非都市：鄉村區 ; 非都市編定：乙種建築用地,1,1,全筆移轉,08870050
RPPNMLSKPHIGFCQ96DA,新三角段,95.10,非都市：鄉村區 ; 非都市編定：乙種建築用地,1,1,全筆移轉,08870051
RPPNMLSKPHIGFCQ96DA,新三角段,86.43,非都市：鄉村區 ; 非都市編定：乙種建築用地,1,1,全筆移轉,08870052
RPSNMLLKQHIGFBQ66EA,六腳新段,13.18,非都市：特定農業區 ; 非都市編定：水利用地,14,1,持分移轉,00480000
RPTNMLLKQHIGFBQ76EA,六腳新段,13.18,非都市：特定農業區 ; 非都市編定：水利用地,14,1,持分移轉,00480000
RPUNMLLKQHIGFBQ86EA,六腳新段,35.22,非都市：特定農業區 ; 非都市編定：水利用地,4,1,持分移轉,00510000
RPUNMLLKQHIGFBQ86EA,六腳新段,68.92,非都市：特定農業區 ; 非都市編定：水利用地,4,1,持分移轉,00600000
RPPOMLLKQHIGFBQ09EA,六腳新段,114.00,非都市：特定農業區 ; 非都市編定：農牧用地,2,1,持分移轉,00690001
RPPOMLLKQHIGFBQ09EA,六腳新段,10.17,非都市：特定農業區 ; 非都市編定：水利用地,2,1,持分移轉,00740000
RPPOMLLKQHIGFBQ09EA,六腳新段,170.13,非都市：特定農業區 ; 非都市編定：水利用地,2,1,持分移轉,00770000
RPXNMLLKQHIGFBQ17EA,六腳新段,35.22,非都市：特定農業區 ; 非都市編定：水利用地,4,1,持分移轉,00510000
RPXNMLLKQHIGFBQ17EA,六腳新段,68.92,非都市：特定農業區 ; 非都市編定：水利用地,4,1,持分移轉,00600000
RPWNMLLKQHIGFBQ07EA,六腳新段,35.22,非都市：特定農業區 ; 非都市編定：水利用地,4,1,持分移轉,00510000
RPWNMLLKQHIGFBQ07EA,六腳新段,68.92,非都市：特定農業區 ; 非都市編定：水利用地,4,1,持分移轉,00600000
RPQOMLLKQHIGFBQ56EA,六腳新段,114.00,非都市：特定農業區 ; 非都市編定：農牧用地,2,1,持分移轉,00690001
RPQOMLLKQHIGFBQ56EA,六腳新段,10.17,非都市：特定農業區 ; 非都市編定：水利用地,2,1,持分移轉,00740000
RPQOMLLKQHIGFBQ56EA,六腳新段,170.13,非都市：特定農業區 ; 非都市編定：水利用地,2,1,持分移轉,00770000
RPROMLLKQHIGFBQ66EA,六腳新段,49.02,非都市：特定農業區 ; 非都市編定：農牧用地,1,1,全筆移轉,00700001
RPROMLLKQHIGFBQ66EA,六腳新段,137.10,非都市：特定農業區 ; 非都市編定：水利用地,1,1,全筆移轉,00710000
RPROMLLKQHIGFBQ66EA,六腳新段,343.98,非都市：特定農業區 ; 非都市編定：水利用地,1,1,全筆移轉,00730000
RPTOMLLKQHIGFBQ86EA,六腳段六嘉小段,14.00,非都市：特定農業區 ; 非都市編定：農牧用地,1,1,全筆移轉,03010001
RPSOMLLKQHIGFBQ76EA,六腳新段,173.33,非都市：特定農業區 ; 非都市編定：農牧用地,1,1,全筆移轉,00870001
RPSOMLLKQHIGFBQ76EA,六腳新段,6.41,非都市：特定農業區 ; 非都市編定：農牧用地,1,1,全筆移轉,00890001
RPVOMLLKQHIGFBQ07EA,六腳段六南小段,.87,非都市：特定農業區 ; 非都市編定：農牧用地,60,1,持分移轉,00150001
RPUOMLLKQHIGFBQ96EA,六腳段六南小段,.87,非都市：特定農業區 ; 非都市編定：農牧用地,60,1,持分移轉,00150001
RPTNMLNKPHIGFDQ96DA,茄苳脚段春珠小段,149.00,都市：其他:商業區,1,1,全筆移轉,00580013
RPXOMLLKQHIGFBQ27EA,六腳新段,13.18,非都市：特定農業區 ; 非都市編定：水利用地,14,1,持分移轉,00480000
RPQNMLRLPHIGFBQ96DA,牛稠底段新富小段,4738.00,非都市：特定農業區 ; 非都市編定：農牧用地,1,1,全筆移轉,07530000
RPQNMLMLPHIGFBQ09DA,九江段,71.67,都市：其他:商業區,1,1,全筆移轉,07340003
RPUNMLPKQHIGFBQ17DA,六桂段,63.00,都市：其他:商業區,1,1,全筆移轉,04270002
RPRNMLOKQHIGFDQ96DA,新舊埤段,35.99,非都市：鄉村區 ; 非都市編定：乙種建築用地,35993,47,持分移轉,03580000
RPRNMLOKQHIGFDQ96DA,新舊埤段,10.80,非都市：鄉村區 ; 非都市編定：乙種建築用地,35993,47,持分移轉,03580001
SPPNMLLLPHIGFBQ09EA,新庄段新庄小段,15031.00,非都市：工業區 ; 非都市編定：丁種建築用地,1,1,全筆移轉,00080009
RPPNMLLLPHIGFBQ98EA,新庄段新庄小段,14974.00,非都市：工業區 ; 非都市編定：丁種建築用地,1,1,全筆移轉,00080000
RPSNMLQLOHIGFCQ07DA,中洋子段,117.33,非都市：鄉村區 ; 非都市編定：乙種建築用地,24876,704,持分移轉,03190001
RPUNMLMKPHIGFCQ86DA,游厝段游東小段,595.00,非都市：特定農業區 ; 非都市編定：農牧用地,1,1,全筆移轉,06930000
RPSNMLMKPHIGFCQ66DA,游厝段游東小段,372.75,非都市：鄉村區 ; 非都市編定：乙種建築用地,4,3,持分移轉,06770001
RPTNMLKLOHIGFDQ66DA,新大崙段,1542.32,非都市：鄉村區 ; 非都市編定：乙種建築用地,1,1,全筆移轉,00580000
RPRNMLQLPHIGFCQ07DA,建國段,26.00,都市：其他:住,1,1,全筆移轉,06750001
RPRNMLQLPHIGFCQ07DA,建國段,6.00,都市：其他:住,1,1,全筆移轉,06780000
RPUNMLPKQHIGFCQ27DA,三間厝段,3265.00,非都市：一般農業區 ; 非都市編定：農牧用地,1,1,全筆移轉,01460000
RPRNMLQLPHIGFCQ07DA,建國段,102.00,都市：其他:道路,1,1,全筆移轉,06920000
RPRNMLQLPHIGFCQ07DA,建國段,487.00,都市：其他:住,1,1,全筆移轉,06930001
RPRNMLQLPHIGFCQ07DA,建國段,113.00,都市：其他:住,1,1,全筆移轉,06940000
RPVNMLPKQHIGFCQ37DA,三間厝段,3265.00,非都市：一般農業區 ; 非都市編定：農牧用地,1,1,全筆移轉,01460002
RPQNMLRKQHIGFBQ96DA,頭竹圍段竹圍小段,440.50,非都市：特定農業區 ; 非都市編定：農牧用地,2,1,持分移轉,03950003
RPQNMLRKQHIGFBQ96DA,頭竹圍段頭竹小段,1233.00,非都市：特定農業區 ; 非都市編定：農牧用地,2,1,持分移轉,04160000
RPQNMLRKQHIGFBQ96DA,頭竹圍段頭竹小段,601.50,非都市：特定農業區 ; 非都市編定：農牧用地,2,1,持分移轉,04170000
RPQNMLRKQHIGFBQ96DA,頭竹圍段頭竹小段,691.50,非都市：特定農業區 ; 非都市編定：農牧用地,2,1,持分移轉,04180000
RPQNMLRKQHIGFBQ96DA,頭竹圍段竹圍小段,883.00,非都市：特定農業區 ; 非都市編定：農牧用地,2,1,持分移轉,09990000
RPWNMLPKQHIGFCQ47DA,溪口段溪明小段,1405.00,非都市：特定農業區 ; 非都市編定：農牧用地,1,1,全筆移轉,00500000
RPWNMLPKQHIGFCQ47DA,溪口段溪明小段,1408.00,非都市：特定農業區 ; 非都市編定：農牧用地,1,1,全筆移轉,00510000
RPQNMLTLOHIGFBQ07DA,崁後段北崁小段,1476.00,非都市：特定農業區 ; 非都市編定：農牧用地,1,1,全筆移轉,01650000
RPQNMLTLOHIGFBQ07DA,崁後段北崁小段,1949.00,非都市：特定農業區 ; 非都市編定：農牧用地,1,1,全筆移轉,01660000
RPPNMLMKQHIGFBQ98DA,新庄段新庄小段,2336.85,非都市：特定農業區 ; 非都市編定：農牧用地,1,1,全筆移轉,02940000
RPVNMLKKQHIGFDQ96DA,忠義段,100.15,都市：其他:住宅區,1,1,全筆移轉,08270000
RPWNMLPKQHIGFDQ57DA,三角子段三角小段,1488.00,非都市：特定農業區 ; 非都市編定：農牧用地,1,1,全筆移轉,04310000
RPOOMLLKQHIGFCQ98DA,崙子頂段,19.56,非都市：鄉村區 ; 非都市編定：乙種建築用地,9,1,持分移轉,02660019
RPOOMLLKQHIGFCQ98DA,崙子頂段,101.00,非都市：鄉村區 ; 非都市編定：乙種建築用地,1,1,全筆移轉,02660020
RPRNMLPKQHIGFCQ07EA,內林段內林小段,1803.00,非都市：特定農業區 ; 非都市編定：農牧用地,1,1,全筆移轉,01780000
RPRNMLPKQHIGFCQ07EA,內林段內林小段,1803.00,非都市：特定農業區 ; 非都市編定：農牧用地,1,1,全筆移轉,01780001
RPROMLPKQHIGFCQ07DA,山中段,126.00,非都市：鄉村區 ; 非都市編定：乙種建築用地,1,1,全筆移轉,07950000
RPROMLPKQHIGFCQ07DA,山中段,276.00,非都市：一般農業區 ; 非都市編定：農牧用地,1,1,全筆移轉,07960000
RPPNMLKLQHIGFDQ09DA,過溝段過溝小段,3469.00,都市：其他:農業區,1,1,全筆移轉,07650000
RPQNMLOJPHIGFDQ66DA,茄苳脚段春珠小段,4175.00,非都市：特定農業區 ; 非都市編定：農牧用地,1,1,全筆移轉,09340000
RPQNMLSKQHIGFCQ17DA,牛稠溪段,322.00,非都市：鄉村區 ; 非都市編定：乙種建築用地,1,1,全筆移轉,06960003
RPPNMLQKQHIGFCQ86DA,番婆段安和小段,2409.50,非都市：特定農業區 ; 非都市編定：農牧用地,1,1,全筆移轉,05720001
RPQNMLQKQHIGFCQ96DA,番婆段安和小段,2816.00,非都市：特定農業區 ; 非都市編定：農牧用地,1,1,全筆移轉,07430000
RPRNMLQKQHIGFCQ07DA,番婆段安和小段,2815.00,非都市：特定農業區 ; 非都市編定：農牧用地,1,1,全筆移轉,07430001
RPQNMLOLQHIGFBQ76DA,潭子墘段北潭小段,2108.00,非都市：特定農業區 ; 非都市編定：農牧用地,1,1,全筆移轉,05410000
RPRNMLLKQHIGFCQ56DA,田中央段,2388.00,非都市：特定農業區 ; 非都市編定：農牧用地,1,1,全筆移轉,11550000
RPRNMLLKQHIGFCQ56DA,田中央段,2507.00,非都市：特定農業區 ; 非都市編定：農牧用地,1,1,全筆移轉,11560000
RPWNMLSKQHIGFDQ87DA,東新段,110.00,,1,1,全筆移轉,01700009
RPQNMLNLQHIGFDQ86DA,下寮段下寮小段,746.00,非都市：特定農業區 ; 非都市編定：農牧用地,1,1,全筆移轉,02800000
RPQNMLNLQHIGFDQ86DA,下寮段下寮小段,790.00,非都市：特定農業區 ; 非都市編定：農牧用地,1,1,全筆移轉,02810000
RPRNMLKLQHIGFDQ66DA,水東段,.62,都市：其他:商業區,13,1,持分移轉,11660001
RPRNMLKLQHIGFDQ66DA,水東段,84.56,,1,1,全筆移轉,11660006
RPPNMLNLQHIGFEQ86DA,竹崎段,2924.00,非都市：山坡地保育區 ; 非都市編定：林業用地,2,1,持分移轉,05250000
RPTNMLSLQHIGFDQ67DA,溪洲段,2517.10,非都市：一般農業區 ; 非都市編定：農牧用地,1,1,全筆移轉,00710004
RPRNMLPLQHIGFDQ17DA,山子脚段山脚小段,4700.00,非都市：特定農業區 ; 非都市編定：農牧用地,1,1,全筆移轉,08930000
RPPNMLTLPHIGFBQ07DA,東後寮段光榮小段,3345.00,非都市：特定農業區 ; 非都市編定：農牧用地,1,1,全筆移轉,06700000
RPSNMLNJQHIGFDQ86DA,埤鄉段,599.82,都市：其他:農業區,1,1,全筆移轉,09220000
RPSNMLNLQHIGFDQ07DA,東勢寮段,36.00,都市：其他:住宅區,1,1,全筆移轉,04450017
RPSNMLNLQHIGFDQ07DA,東勢寮段,34.00,都市：其他:住宅區,1,1,全筆移轉,04450045
RPXNMLTLOHIGFDQ97DA,麻豆店段下麻小段,1411.00,非都市：特定農業區 ; 非都市編定：農牧用地,1,1,全筆移轉,00840001
RPSNMLNLQHIGFDQ07DA,東勢寮段,15.00,都市：其他:住宅區,1,1,全筆移轉,04450069
RPOOMLTLQHIGFDQ37DA,金蘭段,107.00,非都市：特定農業區 ; 非都市編定：甲種建築用地,1,1,全筆移轉,05880000
RPOOMLTLQHIGFDQ37DA,金蘭段,101.43,非都市：特定農業區 ; 非都市編定：甲種建築用地,1,1,全筆移轉,05890000
RPOOMLTLQHIGFDQ37DA,金蘭段,16.74,非都市：特定農業區 ; 非都市編定：甲種建築用地,1,1,全筆移轉,05910004
RPOOMLTLQHIGFDQ37DA,金蘭段,71.94,非都市：特定農業區 ; 非都市編定：甲種建築用地,1,1,全筆移轉,05950000
RPSOMLPJOHIGFBQ76DA,栗子崙段東崙小段,1687.48,非都市：一般農業區 ; 非都市編定：農牧用地,1,1,全筆移轉,06490000
RPXNMLRJOHIGFBQ37DA,平和段,79.60,都市：其他:住宅區,1,1,全筆移轉,02320000
RPPNMLLLNHIGFCQ78DA,西安段,69.00,都市：其他:住,1,1,全筆移轉,01070001
RPQNMLQJOHIGFBQ56DA,嘉朴段,.25,都市：其他:住宅區,10000,123,持分移轉,02810005
RPQNMLQJOHIGFBQ56DA,嘉朴段,37.85,都市：其他:住宅區,10000,123,持分移轉,02810006
RPQNMLQJOHIGFBQ56DA,嘉朴段,7.48,都市：其他:住宅區,10000,123,持分移轉,02810007
RPQNMLQJOHIGFBQ56DA,嘉朴段,.25,都市：其他:住宅區,10000,123,持分移轉,02810009
RPQNMLQJOHIGFBQ56DA,嘉朴段,.66,都市：其他:住宅區,10000,123,持分移轉,02810028
RPQNMLQJOHIGFBQ56DA,嘉朴段,181.07,都市：其他:住宅區,1,1,全筆移轉,02810043
RPQNMLQJOHIGFBQ56DA,嘉朴段,.15,都市：其他:住宅區,10000,123,持分移轉,02810081
RPQNMLQJOHIGFBQ56DA,嘉朴段,1.03,都市：其他:住宅區,10000,123,持分移轉,02810084
RPQNMLQJOHIGFBQ56DA,嘉朴段,.06,都市：其他:住宅區,10000,123,持分移轉,02810092
RPPNMLSJOHIGFCQ76DA,新興段,51.50,都市：其他:住,2,1,持分移轉,01910000
RPWNMLKMNHIGFDQ96DA,下塗溝段,119.00,非都市：鄉村區 ; 非都市編定：乙種建築用地,1,1,全筆移轉,03070015
RPXNMLKMNHIGFDQ07DA,下塗溝段,117.00,非都市：鄉村區 ; 非都市編定：乙種建築用地,1,1,全筆移轉,03070016
RPUNMLPJOHIGFDQ07DA,下塗溝段,177.00,非都市：鄉村區 ; 非都市編定：乙種建築用地,1,1,全筆移轉,03070019
RPPNMLRJOHIGFDQ76DA,義興段,70.33,非都市：鄉村區 ; 非都市編定：乙種建築用地,1,1,全筆移轉,03200000
RPOOMLKMNHIGFDQ88DA,下塗溝段,116.00,非都市：鄉村區 ; 非都市編定：乙種建築用地,1,1,全筆移轉,03070018
RPRNMLRJOHIGFDQ96DA,義興段,4377.88,非都市：特定農業區 ; 非都市編定：農牧用地,1,1,全筆移轉,10080000
RPRNMLRJOHIGFDQ96DA,義興段,3243.50,非都市：特定農業區 ; 非都市編定：農牧用地,1,1,全筆移轉,10080001
RPQNMLRJOHIGFDQ86DA,義興段,72.04,非都市：鄉村區 ; 非都市編定：乙種建築用地,1,1,全筆移轉,03280000
RPTNMLQJOHIGFDQ07DA,中興段,42.19,都市：其他:農業區,1,1,全筆移轉,06820000
RPTNMLQJOHIGFDQ07DA,中興段,55.50,都市：其他:住宅區,1,1,全筆移轉,06950000
RPQNMLTJOHIGFCQ07EA,民文段,16.67,,1,1,全筆移轉,09390000
RPQNMLSJOHIGFDQ07EA,柳林段,330.58,非都市：特定農業區 ; 非都市編定：農牧用地,134302,33058,持分移轉,02380000
RPPNMLMKOHIGFCQ98EA,豐收段,30.27,非都市：鄉村區 ; 非都市編定：乙種建築用地,140,7,持分移轉,12200000
RPQNMLRJOHIGFEQ96DA,溪心段,1090.69,非都市：一般農業區 ; 非都市編定：農牧用地,1,1,全筆移轉,09260000
RPRNMLTJOHIGFCQ17EA,秀林段,81.61,非都市：一般農業區 ; 非都市編定：甲種建築用地,1,1,全筆移轉,18850000
RPPNMLTKNHIGFCQ86DA,潭子墘段潭大小段,4329.00,非都市：特定農業區 ; 非都市編定：農牧用地,1,1,全筆移轉,06930000
RPRNMLPKNHIGFDQ76DA,安家厝段,2600.00,非都市：特定農業區 ; 非都市編定：農牧用地,430647,260000,持分移轉,06500000
RPVNMLQJOHIGFDQ27DA,南靖段南和小段,58.00,非都市：特定農業區 ; 非都市編定：甲種建築用地,1,1,全筆移轉,14900010
RPVNMLQJOHIGFDQ27DA,南靖段南和小段,19.10,非都市：特定農業區 ; 非都市編定：甲種建築用地,59,1,持分移轉,14900014
RPQNMLSJOHIGFBQ76DA,和順段,244.03,非都市：鄉村區 ; 非都市編定：乙種建築用地,1,1,全筆移轉,11630000
RPRNMLSJOHIGFBQ86DA,德安段,66.00,都市：其他:住宅區,1,1,全筆移轉,09120000
RPQNMLTJOHIGFBQ86DA,嘉朴段,5.87,都市：其他:住宅區,100000,102,持分移轉,02620000
RPSNMLRJOHIGFBQ86DA,後崩山段,174.96,非都市：鄉村區 ; 非都市編定：乙種建築用地,84,3,持分移轉,03720000
RPRNMLTJOHIGFBQ96DA,三塊厝新段,228.21,非都市：鄉村區 ; 非都市編定：乙種建築用地,72,8,持分移轉,07050000
RPPNMLQJOHIGFBQ09DA,頂揖子寮段頂揖小段,1485.00,非都市：一般農業區 ; 非都市編定：農牧用地,2,1,持分移轉,00110000
RPWNMLRJOHIGFBQ27DA,嘉朴段,7.60,都市：其他:住宅區,100000,132,持分移轉,02620000
RPRNMLQJOHIGFBQ66DA,鴨母寮段竹村小段,3235.00,非都市：特定農業區 ; 非都市編定：農牧用地,1,1,全筆移轉,09790000
RPTNMLKMNHIGFBQ09DA,蚶子寮段文蚶小段,3015.00,非都市：一般農業區 ; 非都市編定：農牧用地,1,1,全筆移轉,01800000
RPQNMLTLNHIGFBQ96DA,鴨母寮段竹村小段,1151.33,非都市：特定農業區 ; 非都市編定：農牧用地,3,1,持分移轉,06860000
RPPNMLQKNHIGFBQ09DA,崁後段南崁小段,2556.00,非都市：特定農業區 ; 非都市編定：農牧用地,1,1,全筆移轉,10300001
RPRNMLKMNHIGFBQ88DA,考試潭段考試小段,2668.00,非都市：一般農業區 ; 非都市編定：農牧用地,1,1,全筆移轉,07160000
RPQNMLQKNHIGFBQ56DA,崁後段南崁小段,2556.00,非都市：特定農業區 ; 非都市編定：農牧用地,1,1,全筆移轉,10310000
RPSNMLTJOHIGFBQ07DA,竹子腳段竹嘉小段,1778.00,非都市：特定農業區 ; 非都市編定：農牧用地,1,1,全筆移轉,02850000
RPSNMLTJOHIGFBQ07DA,竹子腳段竹嘉小段,4129.00,非都市：特定農業區 ; 非都市編定：農牧用地,1,1,全筆移轉,02860000
RPSNMLPKNHIGFDQ86DA,十一指厝段圳西小段,220.00,非都市：特定農業區 ; 非都市編定：甲種建築用地,1,1,全筆移轉,07870000
RPSNMLPKNHIGFDQ86DA,十一指厝段圳西小段,275.00,非都市：特定農業區 ; 非都市編定：甲種建築用地,1,1,全筆移轉,07880000
RPSNMLTJOHIGFDQ27DA,和興段,104.54,非都市：特定農業區 ; 非都市編定：甲種建築用地,1,1,全筆移轉,10300000
RPVNMLMLNHIGFCQ86DA,崙子段崙子小段,128.63,非都市：特定農業區 ; 非都市編定：農牧用地,900,30,持分移轉,00120000
RPVNMLMLNHIGFCQ86DA,崙子段崙子小段,85.30,非都市：特定農業區 ; 非都市編定：農牧用地,900,30,持分移轉,00130000
RPVNMLMLNHIGFCQ86DA,崙子段崙子小段,131.97,非都市：特定農業區 ; 非都市編定：農牧用地,900,30,持分移轉,00140000
RPVNMLMLNHIGFCQ86DA,復興段,334.81,非都市：特定農業區 ; 非都市編定：農牧用地,9000,437,持分移轉,00210000
RPVNMLMLNHIGFCQ86DA,崙子段崙子小段,39.02,非都市：特定農業區 ; 非都市編定：農牧用地,468750,6131,持分移轉,00260000
RPVNMLMLNHIGFCQ86DA,崙子段崙子小段,35.75,非都市：特定農業區 ; 非都市編定：農牧用地,468750,6132,持分移轉,00270000
RPVNMLMLNHIGFCQ86DA,崙子段崙子小段,33.45,非都市：特定農業區 ; 非都市編定：農牧用地,468750,6132,持分移轉,00280000
RPVNMLMLNHIGFCQ86DA,埤子段,186.34,非都市：特定農業區 ; 非都市編定：交通用地,6,1,持分移轉,05470000
RPPNMLSJOHIGFEQ96DA,羗子科段,2761.00,非都市：一般農業區 ; 非都市編定：農牧用地,1,1,全筆移轉,01100001
RPPNMLTJOHIGFEQ07DA,獅子頭段,45.67,非都市：一般農業區 ; 非都市編定：丙種建築用地,6,1,持分移轉,04370000
RPPNMLTJOHIGFEQ07DA,獅子頭段,302.33,非都市：山坡地保育區 ; 非都市編定：丙種建築用地,3,1,持分移轉,04370008
RPPNMLNKOHIGFCQ09EA,民工段,99.00,都市：其他:住,1,1,全筆移轉,03860001
RPSNMLNKOHIGFCQ76EA,豐收段,2023.18,都市：其他:住,6,5,持分移轉,03620000
SPRNMLNKOHIGFCQ76EA,豐收段,.72,非都市：鄉村區 ; 非都市編定：乙種建築用地,60543000,72075,持分移轉,12200000
RPQNMLNKOHIGFCQ56EA,大崎腳段,3.42,非都市：一般農業區 ; 非都市編定：甲種建築用地,65660,456,持分移轉,02140004
RPQNMLNKOHIGFCQ56EA,大崎腳段,17.11,非都市：一般農業區 ; 非都市編定：交通用地,65660,456,持分移轉,02140005
RPQNMLNKOHIGFCQ56EA,大崎腳段,24.58,非都市：一般農業區 ; 非都市編定：甲種建築用地,65660,456,持分移轉,02140006
RPRNMLNKOHIGFCQ66EA,豐收段,4.32,非都市：鄉村區 ; 非都市編定：乙種建築用地,60543000,432450,持分移轉,12200000
RPQNMLNKOHIGFCQ56EA,大崎腳段,3.47,非都市：一般農業區 ; 非都市編定：甲種建築用地,65660,456,持分移轉,02140007
RPQNMLNKOHIGFCQ56EA,大崎腳段,1.17,非都市：一般農業區 ; 非都市編定：甲種建築用地,10000,64,持分移轉,02140023
RPQNMLNKOHIGFCQ56EA,大崎腳段,1.82,非都市：一般農業區 ; 非都市編定：甲種建築用地,10000,64,持分移轉,02140039
RPQNMLNKOHIGFCQ56EA,大崎腳段,95.00,非都市：一般農業區 ; 非都市編定：甲種建築用地,2,1,持分移轉,02140050
RPQNMLNKOHIGFCQ56EA,大崎腳段,.30,非都市：一般農業區 ; 非都市編定：甲種建築用地,10000,92,持分移轉,02140054
RPSNMLOLNHIGFEQ96DA,里佳段,70.00,非都市：山坡地保育區 ; 非都市編定：丙種建築用地,1,1,全筆移轉,02290000
RPVNMLLKOHIGFDQ86DA,柳子林段柳林小段,1190.00,非都市：特定農業區 ; 非都市編定：農牧用地,40,20,持分移轉,01470000
RPQNMLPJOHIGFCQ56DA,崙子頂段,113.00,非都市：特定農業區 ; 非都市編定：甲種建築用地,1,1,全筆移轉,02410007
RPPNMLQKNHIGFEQ76DA,新福段,2887.54,非都市：一般農業區 ; 非都市編定：農牧用地,1,1,全筆移轉,02650000
RPPNMLQKNHIGFEQ76DA,新福段,2887.54,非都市：一般農業區 ; 非都市編定：農牧用地,1,1,全筆移轉,02650001
RPXNMLPJOHIGFBQ17DA,六腳段六嘉小段,2623.00,非都市：特定農業區 ; 非都市編定：農牧用地,1,1,全筆移轉,09240000
RPRNMLMKOHIGFBQ98DA,灣南段,142.17,非都市：鄉村區 ; 非都市編定：乙種建築用地,1,1,全筆移轉,02860000
RPRNMLMKOHIGFBQ98DA,灣南段,60.10,非都市：鄉村區 ; 非都市編定：交通用地,8,6,持分移轉,02870000
RPPNMLMKOHIGFDQ98DA,太頂珠段,42.25,都市：其他:住宅區,100000,301,持分移轉,00240004
RPTNMLQJOHIGFBQ86DA,義竹段義竹小段,2712.00,非都市：特定農業區 ; 非都市編定：農牧用地,1,1,全筆移轉,03920000
RPTNMLQJOHIGFBQ86DA,義竹段義竹小段,1326.00,非都市：特定農業區 ; 非都市編定：農牧用地,1,1,全筆移轉,03930000
RPPNMLMKOHIGFCQ88DA,世興段,16.56,都市：其他:道路用地,1,1,全筆移轉,05100000
RPPNMLMKOHIGFCQ88DA,世興段,29.03,都市：其他:附1,1,1,全筆移轉,05110000
RPTNMLPJOHIGFCQ86DA,頂寮段,2769.00,非都市：特定農業區 ; 非都市編定：農牧用地,1,1,全筆移轉,05860000
RPQNMLMKOHIGFDQ56EA,鹿草段鹿草小段,702.50,非都市：特定農業區 ; 非都市編定：農牧用地,4,1,持分移轉,01960000
RPTNMLTJOHIGFDQ37DA,水南段,46.07,都市：其他:住宅區,1,1,全筆移轉,04720000
RPSQMLNLNHIGFDQ07DA,田尾段田尾小段,1761.00,非都市：特定農業區 ; 非都市編定：農牧用地,1,1,全筆移轉,01680000
RPRNMLOKOHIGFDQ86EA,柳林段,65.21,非都市：鄉村區 ; 非都市編定：乙種建築用地,1,1,全筆移轉,13990000
RPPNMLOKOHIGFEQ76EA,生毛樹段,1985.00,非都市：風景區 ; 非都市編定：農牧用地,1,1,全筆移轉,13290001
RPQNMLOKOHIGFEQ86EA,大坪段,163.00,非都市：山坡地保育區 ; 非都市編定：農牧用地,1,1,全筆移轉,03740069
RPUNMLPJOHIGFEQ17DA,番路段,369.00,非都市：一般農業區 ; 非都市編定：農牧用地,1,1,全筆移轉,04780005
RPPNMLQKOHIGFEQ86DA,緞厝寮段,4070.00,非都市：山坡地保育區 ; 非都市編定：農牧用地,2,1,持分移轉,00140004
RPQNMLNKOHIGFDQ66EA,東勢寮段東勢小段,3328.00,都市：其他:住宅區,1,1,全筆移轉,03190000
RPPNMLOKOHIGFCQ56EA,橋子頭段橋子頭小段,1086.00,非都市：特定農業區 ; 非都市編定：農牧用地,1,1,全筆移轉,00920000
RPQNMLOKOHIGFCQ66EA,溝背段,106.00,非都市：鄉村區 ; 非都市編定：乙種建築用地,1,1,全筆移轉,00040067
RPSNMLLKOHIGFDQ56DA,柳林段,25.21,非都市：鄉村區 ; 非都市編定：乙種建築用地,3,1,持分移轉,03460000
RPTNMLLKOHIGFDQ66DA,柳林段,25.21,非都市：鄉村區 ; 非都市編定：乙種建築用地,3,1,持分移轉,03460000
RPRNMLLMNHIGFDQ56DA,竹頭崎段,296.00,非都市：一般農業區 ; 非都市編定：甲種建築用地,1,1,全筆移轉,02410001
RPWNMLKMNHIGFBQ76DA,港尾寮段豐美小段,1932.00,非都市：特定農業區 ; 非都市編定：農牧用地,1,1,全筆移轉,01350000
RPUNMLMJOHIGFBQ56DA,栗子崙段中洲小段,1688.40,非都市：一般農業區 ; 非都市編定：農牧用地,1,1,全筆移轉,06200000
RPPNMLPJOHIGFCQ09DA,崙子頂段,113.00,非都市：特定農業區 ; 非都市編定：甲種建築用地,1,1,全筆移轉,02410005
RPQNMLQKOHIGFBQ66DA,竹子腳段竹嘉小段,2159.50,非都市：特定農業區 ; 非都市編定：農牧用地,2,1,持分移轉,19110000
RPQNMLTJOHIGFCQ96DA,菁埔段中和小段,1464.00,非都市：特定農業區 ; 非都市編定：農牧用地,1,1,全筆移轉,02720000
RPTNMLPJOHIGFEQ07DA,大草埔段,78.19,非都市：山坡地保育區 ; 非都市編定：丙種建築用地,72,10,持分移轉,00810007
RPPNMLPKOHIGFCQ56DA,福樂段,58.94,都市：其他:住,1,1,全筆移轉,08320000
RPRNMLNKOHIGFDQ66DA,太頂珠段,53.34,都市：其他:住宅區,100000,380,持分移轉,00240004
RPPNMLQKOHIGFDQ86EA,北回段,1250.81,都市：其他:農業區,1,1,全筆移轉,08460001
RPPNMLQKOHIGFDQ86EA,北回段,1250.81,都市：其他:農業區,1,1,全筆移轉,08460002
RPPNMLPKOHIGFDQ66DA,寬士段,10.98,非都市：鄉村區 ; 非都市編定：乙種建築用地,42,1,持分移轉,10210000
RPPNMLPKOHIGFDQ66DA,寬士段,25.55,非都市：鄉村區 ; 非都市編定：乙種建築用地,1,1,全筆移轉,10680000
RPSNMLPJOHIGFEQ96DA,大草埔段,754.75,非都市：山坡地保育區 ; 非都市編定：農牧用地,8,1,持分移轉,00810025
RPSNMLPJOHIGFEQ96DA,大草埔段,329.75,非都市：山坡地保育區 ; 非都市編定：農牧用地,8,1,持分移轉,00810026
RPUNMLQKOHIGFDQ27DA,安仁段,6.21,非都市：鄉村區 ; 非都市編定：乙種建築用地,10000,24,持分移轉,03500000
RPUNMLQKOHIGFDQ27DA,安仁段,1.87,非都市：鄉村區 ; 非都市編定：乙種建築用地,10000,24,持分移轉,03510000
RPRNMLPKOHIGFDQ86DA,三角子段三角小段,1217.00,非都市：特定農業區 ; 非都市編定：農牧用地,1,1,全筆移轉,00560000
RPVNMLQKOHIGFDQ37DA,梅子厝段梅厝小段,1450.00,非都市：特定農業區 ; 非都市編定：農牧用地,1,1,全筆移轉,05600000
RPPNMLQKOHIGFCQ66DA,新庄段,45.92,非都市：鄉村區 ; 非都市編定：乙種建築用地,10000,35,持分移轉,07850000
RPXNMLQKOHIGFCQ47DA,溪西段,.48,,13,1,持分移轉,08970000
RPXNMLQKOHIGFCQ47DA,溪西段,20.48,,13,1,持分移轉,08990000
RPXNMLQKOHIGFCQ47DA,溪西段,1.19,,13,1,持分移轉,08990002
RPXNMLQKOHIGFCQ47DA,溪西段,6.34,,12,1,持分移轉,08990004
RPXNMLQKOHIGFCQ47DA,溪西段,3.17,,12,1,持分移轉,08990005
RPXNMLQKOHIGFCQ47DA,溪西段,108.64,,1,1,全筆移轉,09100009
RPPNMLTKOHIGFBQ86DA,文明段,27.77,都市：其他:住宅區,10000,107,持分移轉,03980000
RPXNMLQKOHIGFDQ57DA,埤鄉東段,1208.77,,1,1,全筆移轉,01830000
RPRNMLRKOHIGFBQ86DA,崁前段崁前小段,.50,非都市：鄉村區 ; 非都市編定：乙種建築用地,12,1,持分移轉,00910000
RPSOMLQKOHIGFCQ07DA,頭橋段工業小段,17.48,都市：其他:住,20000,138,持分移轉,00350001
RPRNMLRKOHIGFBQ86DA,崁前段崁前小段,17.21,非都市：鄉村區 ; 非都市編定：乙種建築用地,24,1,持分移轉,00910006
RPSOMLQKOHIGFCQ07DA,世興段,.00,都市：其他:住,20000,138,持分移轉,08500000
RPRNMLRKOHIGFBQ86DA,崁前段崁前小段,5.19,非都市：鄉村區 ; 非都市編定：乙種建築用地,24,1,持分移轉,00910012
RPRNMLRKOHIGFBQ86DA,崁前段崁前小段,116.08,非都市：鄉村區 ; 非都市編定：乙種建築用地,1,1,全筆移轉,00910015
RPSOMLQKOHIGFCQ07DA,世興段,2.27,都市：其他:住,20000,138,持分移轉,08510000
RPVNMLRKOHIGFDQ47DA,石頭厝段,51.00,非都市：特定農業區 ; 非都市編定：交通用地,1,1,全筆移轉,02320000
RPPNMLPKOHIGFEQ76DA,生毛樹段,336.67,非都市：風景區 ; 非都市編定：農牧用地,6,5,持分移轉,03330001
RPQNMLRKOHIGFDQ07EA,仁安段,107.48,非都市：一般農業區 ; 非都市編定：交通用地,1,1,全筆移轉,08120000
RPRNMLKLOHIGFCQ09EA,排子路段排子路小段,4289.00,非都市：特定農業區 ; 非都市編定：農牧用地,1,1,全筆移轉,00350000
RPQNMLLLOHIGFEQ66EA,五間厝段,172.49,非都市：一般農業區 ; 非都市編定：農牧用地,1,1,全筆移轉,09230000
RPXNMLRKOHIGFDQ67DA,大崙段重劃小段,1225.00,非都市：特定農業區 ; 非都市編定：農牧用地,1,1,全筆移轉,09440006
RPPNMLMJOHIGFDQ88DA,後潭段後潭小段,2340.00,非都市：特定農業區 ; 非都市編定：農牧用地,1,1,全筆移轉,03760000
RPPNMLMJOHIGFDQ88DA,後潭段後潭小段,3218.00,非都市：特定農業區 ; 非都市編定：農牧用地,1,1,全筆移轉,03770000
RPPNMLLLOHIGFEQ56EA,內埔子段,2821.00,非都市：山坡地保育區 ; 非都市編定：農牧用地,1,1,全筆移轉,11860000
RPPNMLLLOHIGFEQ56EA,內埔子段,1787.00,非都市：一般農業區 ; 非都市編定：農牧用地,1,1,全筆移轉,11870000
RPRNMLTKOHIGFCQ17DA,湖北段,973.77,非都市：特定農業區 ; 非都市編定：農牧用地,1,1,全筆移轉,08280000
RPRNMLTKOHIGFCQ17DA,湖北段,107.82,非都市：特定農業區 ; 非都市編定：農牧用地,10,1,持分移轉,08650000
RPQPMLTKOHIGFCQ27DA,五穀王段,279.13,都市：其他:住,1,1,全筆移轉,03660000
RPQPMLTKOHIGFCQ27DA,五穀王段,291.41,都市：其他:住,1,1,全筆移轉,03660001
RPUNMLTLNHIGFBQ37DA,鎮安段,417.00,都市：其他:住宅區,1,1,全筆移轉,15130000
RPQNMLSKOHIGFCQ96DA,崙子頂段,19.56,非都市：鄉村區 ; 非都市編定：乙種建築用地,18,2,持分移轉,02660019
RPQNMLSKOHIGFCQ96DA,崙子頂段,92.00,非都市：鄉村區 ; 非都市編定：乙種建築用地,1,1,全筆移轉,02660023
RPVNMLTLNHIGFBQ47DA,鎮安段,98.00,都市：其他:住宅區,1,1,全筆移轉,15270000
RPVNMLTLNHIGFBQ47DA,鎮安段,12.53,都市：其他:住宅區,90,24,持分移轉,15300000
RPVNMLTLNHIGFBQ47DA,鎮安段,31.20,都市：其他:道路用地,90,24,持分移轉,15990000
RPRNMLLLOHIGFBQ98DA,龜子港段順安小段,3548.00,非都市：特定農業區 ; 非都市編定：農牧用地,1,1,全筆移轉,00520000
RPQNMLPKOHIGFCQ66DA,竹子脚段竹子脚小段,1280.00,非都市：特定農業區 ; 非都市編定：農牧用地,1,1,全筆移轉,00080000
RPSNMLLLOHIGFBQ09DA,考試潭段鹿寮小段,4687.00,非都市：一般農業區 ; 非都市編定：農牧用地,1,1,全筆移轉,00320001
RPPNMLTKOHIGFCQ96DA,頂員林新段,1441.44,非都市：一般農業區 ; 非都市編定：農牧用地,1,1,全筆移轉,02170000
RPRNMLSKOHIGFCQ07DA,崙子頂段,19.56,非都市：鄉村區 ; 非都市編定：乙種建築用地,9,1,持分移轉,02660019
RPRNMLSKOHIGFCQ07DA,崙子頂段,92.00,非都市：鄉村區 ; 非都市編定：乙種建築用地,1,1,全筆移轉,02660022
RPUPMLRKOHIGFCQ47DA,民農段,165.76,都市：其他:住,1,1,全筆移轉,05770009
RPPNMLLLOHIGFCQ98EA,內林段內林小段,71.00,非都市：特定農業區 ; 非都市編定：甲種建築用地,1,1,全筆移轉,05650003
RPQNMLLLOHIGFCQ09EA,平林段,99.10,都市：其他:住,1,1,全筆移轉,03650000
RPPNMLQLOHIGFBQ76EA,埤子頭段埤前小段,2837.00,非都市：特定農業區 ; 非都市編定：農牧用地,1,1,全筆移轉,14090000
RPUNMLKLOHIGFCQ76EA,陳厝寮段,9864.00,都市：其他:農,1,1,全筆移轉,02810004
RPQNMLLLOHIGFBQ88DA,嘉朴段,5.87,都市：其他:住宅區,100000,102,持分移轉,02620000
RPPPMLTKOHIGFCQ17DA,五穀王段,125.99,都市：其他:住,1,1,全筆移轉,00030003
RPRNMLSJOHIGFCQ96DA,三疊溪段,2416.00,非都市：特定農業區 ; 非都市編定：農牧用地,1,1,全筆移轉,08500000
RPRNMLSJOHIGFCQ96DA,三疊溪段,2415.00,非都市：特定農業區 ; 非都市編定：農牧用地,1,1,全筆移轉,08500001
RPRNMLLLOHIGFDQ56DA,十一指厝段龍德小段,897.00,都市：其他:農業區,1,1,全筆移轉,02110001
RPSNMLLLOHIGFDQ66DA,嘉新段,93.98,,1,1,全筆移轉,00270010
RPPNMLLLOHIGFDQ98DA,忠義段,6436.71,都市：其他:農業區,1,1,全筆移轉,13560000
RPQNMLQLOHIGFDQ96DA,茄苳脚段春珠小段,1760.00,非都市：特定農業區 ; 非都市編定：農牧用地,2,1,持分移轉,10810000
RPPNMLRLOHIGFDQ96DA,田尾段田尾小段,3235.00,非都市：特定農業區 ; 非都市編定：農牧用地,1,1,全筆移轉,07760000
RPPNMLSLOHIGFCQ07EA,番子段番子小段,4245.00,非都市：特定農業區 ; 非都市編定：農牧用地,1,1,全筆移轉,06690000
RPQNMLSLOHIGFEQ37EA,內甕段,5.65,都市：其他:住宅區,10000,10,持分移轉,00970009
RPPNMLSLOHIGFEQ27EA,內甕段,4.52,都市：其他:住宅區,10000,8,持分移轉,00970009
RPQNMLSLOHIGFEQ37EA,內甕段,.27,都市：其他:保護區,10000,10,持分移轉,00970043
RPPNMLSLOHIGFEQ27EA,內甕段,.22,都市：其他:保護區,10000,8,持分移轉,00970043
RPPPMLQLOHIGFCQ96DA,大崎腳段大崎腳小段,1118.00,都市：其他:農,1,1,全筆移轉,00300005
RPPPMLQLOHIGFCQ96DA,大崎腳段,663.00,都市：其他:農,1,1,全筆移轉,02800005
RPRNMLPLNHIGFEQ07EA,過山段,25.50,非都市：一般農業區 ; 非都市編定：交通用地,72,4,持分移轉,01140001
RPRNMLSLOHIGFEQ47EA,內甕段,7.34,都市：其他:住宅區,10000,13,持分移轉,00970009
RPRNMLSLOHIGFEQ47EA,內甕段,.35,都市：其他:保護區,10000,13,持分移轉,00970043
RPQNMLRKOHIGFBQ76DA,樹林頭段林頭小段,1574.80,非都市：一般農業區 ; 非都市編定：農牧用地,1,1,全筆移轉,08990000
RPQNMLSLOHIGFBQ96DA,東岑段,245.72,非都市：鄉村區 ; 非都市編定：乙種建築用地,1,1,全筆移轉,08420009
RPPNMLTLOHIGFBQ96DA,鴨母寮段竹村小段,1901.00,非都市：特定農業區 ; 非都市編定：農牧用地,1,1,全筆移轉,13370000
RPQNMLRKNHIGFCQ76DA,埤子頭段埤子頭小段,1851.00,非都市：特定農業區 ; 非都市編定：農牧用地,1,1,全筆移轉,00650000
RPRNMLQKOHIGFBQ76DA,新店新段,84.43,非都市：鄉村區 ; 非都市編定：乙種建築用地,1,1,全筆移轉,02730000
RPRNMLQLOHIGFCQ96DA,吉林段,44.33,都市：其他:商,6,1,持分移轉,02670000
RPQNMLSLOHIGFCQ07DA,溝背段,1122.50,非都市：特定農業區 ; 非都市編定：農牧用地,2,1,持分移轉,01950004
RPQNMLSLOHIGFCQ07DA,新三角段,1998.21,非都市：一般農業區 ; 非都市編定：農牧用地,1,1,全筆移轉,04790000
RPVOMLPKNHIGFDQ27DA,民生段,84.14,非都市：鄉村區 ; 非都市編定：乙種建築用地,1,1,全筆移轉,06830000
RPPOMLQLOHIGFCQ86DA,福安段,64.99,都市：其他:住,1,1,全筆移轉,11160000
RPRNMLTLOHIGFEQ47DA,金獅寮段,128.75,非都市：森林區 ; 非都市編定：農牧用地,8,2,持分移轉,00810001
RPRNMLTLOHIGFEQ47DA,金獅寮段,38.50,非都市：森林區 ; 非都市編定：交通用地,4,1,持分移轉,00810016
RPRNMLTLOHIGFEQ47DA,金獅寮段,4.00,非都市：森林區 ; 非都市編定：農牧用地,4,1,持分移轉,00810017
RPRNMLTLOHIGFEQ47DA,金獅寮段,43.50,非都市：森林區 ; 非都市編定：丙種建築用地,4,1,持分移轉,00830002
RPRNMLTLOHIGFEQ47DA,金獅寮段,23.25,非都市：森林區 ; 非都市編定：農牧用地,4,1,持分移轉,00840001
RPRNMLTLOHIGFEQ47DA,金獅寮段,151.50,非都市：森林區 ; 非都市編定：農牧用地,4,1,持分移轉,00860000
RPRNMLTLOHIGFEQ47DA,金獅寮段,377.00,非都市：森林區 ; 非都市編定：農牧用地,4,1,持分移轉,00860002
RPRNMLTLOHIGFEQ47DA,金獅寮段,61.75,非都市：森林區 ; 非都市編定：農牧用地,4,1,持分移轉,00880004
RPRNMLTLOHIGFEQ47DA,金獅寮段,181.50,非都市：森林區 ; 非都市編定：農牧用地,4,1,持分移轉,00890002
RPWNMLQKOHIGFDQ47DA,梅花段,122.11,非都市：鄉村區 ; 非都市編定：乙種建築用地,1,1,全筆移轉,01270000
RPWNMLQKOHIGFDQ47DA,梅花段,3.36,非都市：鄉村區 ; 非都市編定：乙種建築用地,224,1,持分移轉,01370000
RPQOMLQLOHIGFCQ96DA,吉林段,44.33,都市：其他:商,6,1,持分移轉,02670000
RPQNMLKMOHIGFCQ98DA,新興段,107.45,,1,1,全筆移轉,08000000
RPUNMLRLOHIGFDQ47DA,崎子頭段崎子頭小段,3176.00,都市：其他:農業區,1,1,全筆移轉,00500002
RPUNMLRLOHIGFDQ47DA,崎子頭段崎子頭小段,10.00,,1,1,全筆移轉,00500003
RPUNMLRLOHIGFDQ47DA,崎子頭段崎子頭小段,24.00,都市：其他:鐵路用地,1,1,全筆移轉,00510001
RPTNMLSLOHIGFBQ27DA,港尾寮段豐美小段,1930.00,非都市：特定農業區 ; 非都市編定：甲種建築用地,1,1,全筆移轉,09610000
RPRNMLTJOHIGFCQ07DA,五穀王段,721.14,都市：其他:住,1,1,全筆移轉,03610000
RPSNMLMJOHIGFCQ09DA,番婆段安和小段,2205.00,非都市：特定農業區 ; 非都市編定：農牧用地,1,1,全筆移轉,04280000
RPSNMLMJOHIGFCQ09DA,番婆段安和小段,4887.00,非都市：特定農業區 ; 非都市編定：農牧用地,1,1,全筆移轉,04300000
RPQOMLLMNHIGFCQ09DA,大崎腳段,100.00,都市：其他:附１,1,1,全筆移轉,02840015
RPQNMLLMNHIGFCQ98DA,西結段,433.08,非都市：鄉村區 ; 非都市編定：乙種建築用地,3,1,持分移轉,05380000
RPROMLTLOHIGFDQ47DA,祥和段,41.06,都市：其他:住宅區,2,1,持分移轉,03680012
RPSNMLTLOHIGFCQ37DA,排子路段排子路小段,2873.00,非都市：特定農業區 ; 非都市編定：農牧用地,1,1,全筆移轉,11540000
RPPNMLQLOHIGFDQ86DA,粗溪新段,6897.32,都市：其他:農業區,1,1,全筆移轉,00810000
RPQNMLOJPHIGFEQ86EA,梅東段,97.00,都市：住,1,1,全筆移轉,18320000
RPQNMLOJPHIGFEQ86EA,梅東段,10.00,都市：其他:住,1,1,全筆移轉,18360008
RPVNMLKMOHIGFDQ96DA,忠義段,67.91,都市：其他:農業區,1,1,全筆移轉,00520000
RPTNMLSLOHIGFDQ47DA,柳鄉段,104.36,非都市：特定農業區 ; 非都市編定：水利用地,1,1,全筆移轉,02130000
RPVNMLKMOHIGFDQ96DA,忠義段,37.40,都市：其他:農業區,1,1,全筆移轉,00530000
RPWNMLNJPHIGFBQ96DA,雙涵段,10.32,非都市：鄉村區 ; 非都市編定：乙種建築用地,1,1,全筆移轉,02030001
RPRNMLKMOHIGFCQ09DA,湖北段,125.68,非都市：鄉村區 ; 非都市編定：乙種建築用地,1,1,全筆移轉,06360000
RPRNMLKMOHIGFCQ09DA,湖北段,29.51,非都市：鄉村區 ; 非都市編定：乙種建築用地,12,1,持分移轉,06390000
RPSNMLNJPHIGFBQ56DA,下竹圍段佳禾小段,425.00,非都市：特定農業區 ; 非都市編定：農牧用地,1,1,全筆移轉,13670000
RPPNMLTLOHIGFCQ07DA,豐收段,30.26,非都市：鄉村區 ; 非都市編定：乙種建築用地,6900,228,持分移轉,06740001
RPPNMLTLOHIGFCQ07DA,豐收段,.18,非都市：鄉村區 ; 非都市編定：乙種建築用地,25,1,持分移轉,06740010
RPPNMLTLOHIGFCQ07DA,豐收段,92.71,非都市：鄉村區 ; 非都市編定：乙種建築用地,1,1,全筆移轉,06740021
RPPNMLPJPHIGFEQ76DA,新內甕段,134.61,都市：住,10000,160,持分移轉,01890000
RPUNMLSLOHIGFDQ57DA,太頂珠段,43.23,都市：其他:住宅區,100000,308,持分移轉,00240004
RPQNMLNJPHIGFCQ09DA,林子前段三和小段,77.00,非都市：特定農業區 ; 非都市編定：甲種建築用地,1,1,全筆移轉,01470035
RPQNMLPJOHIGFCQ66EA,豐收段,186.67,非都市：特定農業區 ; 非都市編定：農牧用地,3,1,持分移轉,04260000
RPQOMLTLOHIGFDQ37DA,田尾段田尾小段,4456.00,非都市：特定農業區 ; 非都市編定：農牧用地,1,1,全筆移轉,01600000
RPROMLQJPHIGFDQ07DA,南靖段南和小段,2546.00,非都市：特定農業區 ; 非都市編定：農牧用地,1,1,全筆移轉,13260000
RPROMLQJPHIGFDQ07DA,南靖段南和小段,2367.00,非都市：特定農業區 ; 非都市編定：甲種建築用地,1,1,全筆移轉,13270000
RPSNMLQJPHIGFCQ96DA,林頭段林頭小段,2330.00,非都市：特定農業區 ; 非都市編定：農牧用地,1,1,全筆移轉,01240000
RPSNMLQJPHIGFCQ96DA,林頭段林頭小段,1748.00,非都市：特定農業區 ; 非都市編定：農牧用地,1,1,全筆移轉,01250000
RPPNMLSJPHIGFBQ76DA,內厝段,52.64,都市：其他:住宅區,2,1,持分移轉,02130015
RPPNMLSJPHIGFBQ76DA,內厝段,13.34,都市：其他:住宅區,52,1,持分移轉,02130027
RPQNMLPJPHIGFBQ56DA,頂東石段黎明小段,90.50,非都市：特定專用區 ; 非都市編定：甲種建築用地,1,1,全筆移轉,00830016
RPPNMLPJPHIGFBQ09DA,嘉朴段,10.09,都市：其他:第一種住宅區,10000,83,持分移轉,02440000
RPWNMLQJPHIGFCQ37DA,福安段,76.14,都市：其他:住,1,1,全筆移轉,09930005
RPWNMLQJPHIGFCQ37DA,福安段,25.06,都市：其他:住,1000,80,持分移轉,09930012
RPXNMLQJPHIGFCQ47DA,中林段中林小段,1201.00,非都市：特定農業區 ; 非都市編定：農牧用地,1,1,全筆移轉,00730000
RPXNMLQJPHIGFCQ47DA,中林段中林小段,1764.00,非都市：特定農業區 ; 非都市編定：農牧用地,1,1,全筆移轉,00740000
RPUOMLNJPHIGFDQ07DA,埤鄉段,7.47,,1,1,全筆移轉,06490001
RPUOMLNJPHIGFDQ07DA,埤鄉段,166.14,,1,1,全筆移轉,06550002
RPTNMLQJPHIGFDQ17DA,寬士段,74.00,非都市：鄉村區 ; 非都市編定：乙種建築用地,1,1,全筆移轉,01550000
RPPNMLMLNHIGFDQ98DA,埤麻段,196.20,非都市：特定農業區 ; 非都市編定：農牧用地,1,1,全筆移轉,05300000
RPPNMLMLNHIGFDQ98DA,埤麻段,697.48,非都市：特定農業區 ; 非都市編定：農牧用地,1,1,全筆移轉,05310000
RPPNMLQJPHIGFDQ86EA,柳林段,129.27,非都市：鄉村區 ; 非都市編定：乙種建築用地,1,1,全筆移轉,12980000
RPPNMLRJPHIGFCQ86EA,東湖段,28.33,非都市：鄉村區 ; 非都市編定：乙種建築用地,1,1,全筆移轉,10010000
RPVNMLKMNHIGFDQ86DA,下塗溝段,155.00,非都市：鄉村區 ; 非都市編定：乙種建築用地,1,1,全筆移轉,03070013
RPSNMLQJPHIGFDQ07DA,東新段,.93,都市：其他:住宅區,33,1,持分移轉,00810000
RPSNMLQJPHIGFDQ07DA,東新段,22.30,都市：其他:住宅區,572534,16642,持分移轉,00810005
RPSNMLQJPHIGFDQ07DA,東新段,104.00,都市：其他:住宅區,1,1,全筆移轉,00810037
RPRNMLSLOHIGFBQ07DA,六腳新段,348.14,非都市：鄉村區 ; 非都市編定：乙種建築用地,1,1,全筆移轉,03220000
RPRNMLSLOHIGFBQ07DA,六腳新段,14.61,非都市：鄉村區 ; 非都市編定：乙種建築用地,1,1,全筆移轉,03220001
RPRNMLSLOHIGFBQ07DA,六腳新段,19.46,非都市：鄉村區 ; 非都市編定：乙種建築用地,1,1,全筆移轉,03220002
RPRNMLSLOHIGFBQ07DA,六腳新段,48.20,非都市：鄉村區 ; 非都市編定：乙種建築用地,1,1,全筆移轉,03220003
RPRNMLSLOHIGFBQ07DA,六腳新段,30.74,非都市：鄉村區 ; 非都市編定：乙種建築用地,1,1,全筆移轉,03220005
RPQNMLQJPHIGFBQ66DA,新店段,2640.00,非都市：一般農業區 ; 非都市編定：養殖用地,1,1,全筆移轉,20980000
RPQNMLQJPHIGFBQ66DA,新店段,3000.00,非都市：一般農業區 ; 非都市編定：養殖用地,1,1,全筆移轉,20990000
RPQNMLQJPHIGFBQ66DA,新店段,3240.00,非都市：一般農業區 ; 非都市編定：養殖用地,1,1,全筆移轉,21000000
RPQNMLQJPHIGFBQ66DA,新店段,3000.00,非都市：一般農業區 ; 非都市編定：養殖用地,1,1,全筆移轉,21010000
RPQNMLQJPHIGFBQ66DA,新店段,1320.00,非都市：一般農業區 ; 非都市編定：養殖用地,1,1,全筆移轉,21020000
RPQNMLQJPHIGFBQ66DA,新店段,1200.00,非都市：一般農業區 ; 非都市編定：養殖用地,1,1,全筆移轉,21030000
RPPNMLSLOHIGFCQ96DA,潭底段潭底小段,1.03,都市：其他:住,2903535,10308,持分移轉,02630001
RPPNMLSLOHIGFCQ96DA,潭底段潭底小段,1.08,都市：其他:住,2903535,10308,持分移轉,02970001
RPPNMLSLOHIGFCQ96DA,潭底段潭底小段,1.09,都市：其他:住,2903535,10308,持分移轉,03040001
RPPNMLSLOHIGFCQ96DA,潭底段潭底小段,2.61,都市：其他:住,2903535,10308,持分移轉,03110001
RPPNMLSLOHIGFCQ96DA,潭底段潭底小段,44.02,都市：其他:住,40,1,持分移轉,03110002
RPPNMLSLOHIGFCQ96DA,潭底段潭底小段,.90,都市：其他:住,2903535,10308,持分移轉,03350001
RPPNMLSLOHIGFCQ96DA,潭底段潭底小段,.05,都市：其他:住,2903535,10308,持分移轉,03350002
RPTNMLKKPHIGFCQ56DA,崙子頂段,19.56,非都市：鄉村區 ; 非都市編定：乙種建築用地,18,2,持分移轉,02660019
RPTNMLKKPHIGFCQ56DA,崙子頂段,92.00,非都市：鄉村區 ; 非都市編定：乙種建築用地,1,1,全筆移轉,02660024
RPSNMLKKPHIGFCQ09DA,崙子頂段,19.56,非都市：鄉村區 ; 非都市編定：乙種建築用地,18,2,持分移轉,02660019
RPSNMLKKPHIGFCQ09DA,崙子頂段,92.00,非都市：鄉村區 ; 非都市編定：乙種建築用地,1,1,全筆移轉,02660025
RPQNMLLKPHIGFCQ98DA,坪頂段,840.17,非都市：特定農業區 ; 非都市編定：農牧用地,1,1,全筆移轉,02170001
RPVNMLKKPHIGFCQ76DA,崙子頂段,19.56,非都市：鄉村區 ; 非都市編定：乙種建築用地,9,1,持分移轉,02660019
RPVNMLKKPHIGFCQ76DA,崙子頂段,92.00,非都市：鄉村區 ; 非都市編定：乙種建築用地,1,1,全筆移轉,02660021
RPPNMLLJOHIGFDQ78DA,隆恩段,2233.33,非都市：特定農業區 ; 非都市編定：農牧用地,1,1,全筆移轉,13070000
RPQOMLQJPHIGFDQ96DA,嘉新段,27.16,都市：其他:住宅區,10000,69,持分移轉,06820000
RPPNMLMKPHIGFEQ66EA,北下坑段,4793.97,非都市：一般農業區 ; 非都市編定：農牧用地,1,1,全筆移轉,12740000
RPTNMLPKOHIGFDQ07DA,外溪洲段溪洲小段,112.00,都市：其他:乙種工業區,1,1,全筆移轉,00780026
RPRNMLRJPHIGFCQ96DA,水頭段,95.92,非都市：鄉村區 ; 非都市編定：乙種建築用地,1,1,全筆移轉,06850000
RPVNMLRJPHIGFDQ47DA,埔東段,1000.00,都市：其他:保護區,1,1,全筆移轉,04040004
RPVNMLRJPHIGFDQ47DA,埔東段,115.44,非都市：山坡地保育區 ; 非都市編定：農牧用地,1,1,全筆移轉,04050001
RPPNMLNJPHIGFEQ56DA,獅子頭段,995.00,非都市：一般農業區 ; 非都市編定：農牧用地,1,1,全筆移轉,05580009
RPUNMLRJOHIGFBQ07DA,新生段,162.00,都市：其他:商業區,1,1,全筆移轉,00730041
RPPNMLKKPHIGFEQ98DA,樂野段,5751.00,非都市：山坡地保育區 ; 非都市編定：農牧用地,1,1,全筆移轉,00690005
RPQNMLMKPHIGFDQ56DA,江堀段,370.94,非都市：鄉村區 ; 非都市編定：乙種建築用地,1,1,全筆移轉,01970000
RPVNMLRJPHIGFCQ37DA,中工段,99.00,非都市：工業區 ; 非都市編定：丁種建築用地,1,1,全筆移轉,00250005
RPUNMLRJPHIGFCQ27DA,中工段,99.00,非都市：工業區 ; 非都市編定：丁種建築用地,1,1,全筆移轉,00540004
RPUNMLNKPHIGFCQ96DA,明和段,223.92,都市：其他:住,1,1,全筆移轉,01400000
RPPNMLSKPHIGFEQ27EA,溪心段,2981.76,非都市：一般農業區 ; 非都市編定：農牧用地,1,1,全筆移轉,10590000
RPVNMLNKPHIGFDQ17DA,大堀尾段大堀小段,2571.00,非都市：特定農業區 ; 非都市編定：農牧用地,1,1,全筆移轉,02270001
RPPNMLSKPHIGFEQ27EA,溪心段,162.52,非都市：一般農業區 ; 非都市編定：農牧用地,18277,4063,持分移轉,10610000
RPSNMLOKPHIGFDQ96DA,下塗溝段,116.00,非都市：鄉村區 ; 非都市編定：乙種建築用地,1,1,全筆移轉,03070017
RPQNMLMKPHIGFEQ76EA,昇平段,340.05,非都市：一般農業區 ; 非都市編定：丙種建築用地,1,1,全筆移轉,10200000
RPSNMLRLOHIGFDQ27DA,大義段,39.35,非都市：特定農業區 ; 非都市編定：丁種建築用地,1000000,22109,持分移轉,02960001
RPSNMLRLOHIGFDQ27DA,大義段,.48,非都市：特定農業區 ; 非都市編定：丁種建築用地,42,1,持分移轉,02960004
RPSNMLRLOHIGFDQ27DA,大義段,.70,非都市：特定農業區 ; 非都市編定：丁種建築用地,42,1,持分移轉,02960049
RPSNMLRLOHIGFDQ27DA,大義段,301.95,非都市：特定農業區 ; 非都市編定：丁種建築用地,1,1,全筆移轉,02960059
RPSNMLRLOHIGFDQ27DA,大義段,12.06,非都市：特定農業區 ; 非都市編定：丁種建築用地,1,1,全筆移轉,02960060
RPSNMLRLOHIGFDQ27DA,大義段,.67,非都市：特定農業區 ; 非都市編定：丁種建築用地,1000000,23809,持分移轉,02960092
RPSNMLRLOHIGFDQ27DA,大義段,.10,非都市：特定農業區 ; 非都市編定：丁種建築用地,1000000,23809,持分移轉,02960093
RPRNMLQJPHIGFBQ76DA,三塊厝段三家小段,1051.00,非都市：一般農業區 ; 非都市編定：農牧用地,1,1,全筆移轉,07220000
RPRNMLQJPHIGFBQ76DA,三塊厝段三家小段,680.00,非都市：一般農業區 ; 非都市編定：農牧用地,1,1,全筆移轉,07350000
RPVNMLSKPHIGFCQ57DA,新庄段,469.91,都市：其他:農,1,1,全筆移轉,25850000
RPVNMLSKPHIGFCQ57DA,新庄段,3395.46,都市：其他:農,1,1,全筆移轉,25860000
RPUNMLPKOHIGFDQ17DA,松山段,148.33,非都市：鄉村區 ; 非都市編定：乙種建築用地,64,1,持分移轉,01370000
RPRNMLSKPHIGFDQ27DA,王爺段,1452.87,非都市：特定農業區 ; 非都市編定：農牧用地,1,1,全筆移轉,01050000
RPVNMLSKPHIGFDQ67DA,和溪段,73.07,非都市：特定農業區 ; 非都市編定：甲種建築用地,10000,204,持分移轉,03760000
RPPNMLKKPHIGFCQ78DA,金興段,69.83,都市：其他:住,1,1,全筆移轉,08380000
RPPNMLKKPHIGFCQ78DA,金興段,11.10,都市：其他:道路用地,1,1,全筆移轉,08390000
RPTNMLTKPHIGFCQ47DA,民文段,8.75,,1,1,全筆移轉,10350000
RPTNMLTKPHIGFCQ47DA,民文段,21.03,都市：其他:住,1,1,全筆移轉,10360000
RPTNMLTKPHIGFCQ47DA,民文段,70.76,都市：其他:住,1,1,全筆移轉,10370000
RPUNMLTKPHIGFCQ57DA,秀林段,97.96,非都市：鄉村區 ; 非都市編定：乙種建築用地,1,1,全筆移轉,17100000
RPSNMLKKPHIGFBQ98DA,灣北段,115.86,非都市：鄉村區 ; 非都市編定：乙種建築用地,4,2,持分移轉,04200002
RPSNMLKKPHIGFBQ98DA,灣北段,26.56,非都市：鄉村區 ; 非都市編定：乙種建築用地,1077,24,持分移轉,04200023
RPSNMLKKPHIGFBQ98DA,灣北段,3.35,非都市：鄉村區 ; 非都市編定：乙種建築用地,1077,24,持分移轉,04200024
RPSNMLKKPHIGFBQ98DA,灣北段,13.89,非都市：鄉村區 ; 非都市編定：乙種建築用地,4,2,持分移轉,04200027
RPRNMLPKPHIGFBQ76DA,鎮安段,19.82,都市：其他:住宅區,10000,270,持分移轉,04800000
RPUNMLKLPHIGFCQ76DA,林頭段林頭小段,2510.00,非都市：特定農業區 ; 非都市編定：農牧用地,1,1,全筆移轉,00120000
RPQNMLLLPHIGFDQ56DA,頂港子墘段頂港小段,1000.00,都市：其他:住宅區,1,1,全筆移轉,01780001
RPPNMLOLPHIGFCQ76EA,竹子脚段竹子脚小段,2245.00,非都市：特定農業區 ; 非都市編定：農牧用地,1,1,全筆移轉,02760000
RPTNMLKMNHIGFDQ66DA,溪洲段,62.51,非都市：鄉村區 ; 非都市編定：乙種建築用地,1,1,全筆移轉,10010000
RPQNMLKLPHIGFDQ09DA,茄苳脚段春珠小段,2585.00,非都市：特定農業區 ; 非都市編定：農牧用地,1,1,全筆移轉,12590000
RPQNMLKLPHIGFDQ09DA,茄苳脚段春珠小段,2585.00,非都市：特定農業區 ; 非都市編定：農牧用地,1,1,全筆移轉,12590001
RPSNMLKLPHIGFDQ66DA,新番子寮段,1316.90,非都市：特定農業區 ; 非都市編定：農牧用地,1,1,全筆移轉,11960000
RPTNMLTKPHIGFDQ57DA,石硦段,785.00,非都市：山坡地保育區 ; 非都市編定：農牧用地,1,1,全筆移轉,01970000
RPTNMLTKPHIGFDQ57DA,石硦段,1077.00,非都市：山坡地保育區 ; 非都市編定：農牧用地,1,1,全筆移轉,01970001
RPTNMLTKPHIGFDQ57DA,石硦段,120.00,非都市：山坡地保育區 ; 非都市編定：農牧用地,1,1,全筆移轉,01980006
RPWNMLRLOHIGFDQ67DA,水上段水上小段,3890.00,非都市：特定農業區 ; 非都市編定：農牧用地,1,1,全筆移轉,00460000
RPPNMLMLPHIGFDQ56DA,下塗溝段重劃小段,2000.00,非都市：特定農業區 ; 非都市編定：農牧用地,1,1,全筆移轉,08620000
RPQNMLMLPHIGFDQ66DA,下塗溝段重劃小段,2000.00,非都市：特定農業區 ; 非都市編定：農牧用地,1,1,全筆移轉,08630000
RPQNMLKLOHIGFDQ98DA,下寮段下寮小段,3297.00,非都市：特定農業區 ; 非都市編定：農牧用地,1,1,全筆移轉,02710000
RPRNMLLLPHIGFCQ56DA,福安段,85.87,都市：其他:七,1,1,全筆移轉,12320023
RPTNMLTKPHIGFEQ67DA,緞厝寮段,562.00,非都市：一般農業區 ; 非都市編定：農牧用地,1,1,全筆移轉,01100000
RPRNMLOLPHIGFEQ07DA,番子潭段,1287.00,非都市：一般農業區 ; 非都市編定：農牧用地,1,1,全筆移轉,02260001
RPRNMLOLPHIGFEQ07DA,番子潭段,1821.00,非都市：一般農業區 ; 非都市編定：農牧用地,1,1,全筆移轉,02260009
RPPNMLRKPHIGFEQ07DA,大草埔段,4489.00,非都市：一般農業區 ; 非都市編定：農牧用地,1,1,全筆移轉,03710001
RPXNMLSKPHIGFDQ87DA,安家厝段,131.75,非都市：特定農業區 ; 非都市編定：甲種建築用地,1,1,全筆移轉,16360007
RPPNMLMLNHIGFBQ78DA,港墘厝段龍港小段,16.88,非都市：鄉村區 ; 非都市編定：乙種建築用地,120000,15000,持分移轉,09340008
RPUNMLTLNHIGFDQ57DA,金蘭段,39.23,非都市：特定農業區 ; 非都市編定：甲種建築用地,15,1,持分移轉,04620000
RPUNMLTLNHIGFDQ57DA,金蘭段,.42,非都市：特定農業區 ; 非都市編定：甲種建築用地,17,1,持分移轉,04620008
RPUNMLTLNHIGFDQ57DA,金蘭段,143.44,非都市：特定農業區 ; 非都市編定：甲種建築用地,1,1,全筆移轉,04620016
RPPNMLKLPHIGFBQ78DA,六斗尾段六斗小段,365.78,非都市：特定農業區 ; 非都市編定：農牧用地,5,1,持分移轉,07760000
RPWNMLMJOHIGFBQ76DA,貴舍新段,15282.59,非都市：一般農業區 ; 非都市編定：養殖用地,1,1,全筆移轉,00700000
RPRNMLKLPHIGFBQ98DA,新寮段,3622.22,都市：其他:農業區,1,1,全筆移轉,10000001
RPPNMLQKPHIGFDQ86DA,北新段,136.89,都市：其他:住宅區,1,1,全筆移轉,05650000
RPWNMLTKPHIGFDQ87DA,新舊埤段,93.33,非都市：鄉村區 ; 非都市編定：乙種建築用地,1,1,全筆移轉,04670000
RPUNMLTLNHIGFCQ47DA,新大埔美段,1312.01,非都市：鄉村區 ; 非都市編定：乙種建築用地,154208448,17183768,持分移轉,28850000
RPPNMLOKPHIGFEQ76DA,內埔子段,409.00,非都市：河川區 ; 非都市編定：農牧用地,1,1,全筆移轉,11170008
RPPNMLOKPHIGFEQ76DA,內埔子段,1442.00,非都市：一般農業區 ; 非都市編定：農牧用地,1,1,全筆移轉,11170009
RPPNMLOKPHIGFEQ76DA,內埔子段,321.00,非都市：一般農業區 ; 非都市編定：農牧用地,1,1,全筆移轉,11180000
RPQNMLRKOHIGFEQ07DA,五間厝段,110.52,非都市：鄉村區 ; 非都市編定：乙種建築用地,1,1,全筆移轉,06760000
RPUNMLQLPHIGFDQ47DA,和睦段,835.61,非都市：特定農業區 ; 非都市編定：農牧用地,1610760,747908,持分移轉,06240000
RPPNMLRLPHIGFBQ96EA,嘉朴段,10.91,都市：其他:住宅區,40,1,持分移轉,02750000
RPPNMLRLPHIGFBQ96EA,嘉朴段,6.22,都市：其他:住宅區,40,1,持分移轉,02750125
RPPNMLRLPHIGFBQ96EA,嘉朴段,13.38,都市：其他:住宅區,20,1,持分移轉,02750126
RPPNMLRLPHIGFBQ96EA,嘉朴段,67.32,都市：其他:住宅區,1,1,全筆移轉,02750129
RPPNMLRLPHIGFBQ96EA,嘉朴段,36.30,都市：其他:住宅區,10,1,持分移轉,02750137
RPVNMLQLPHIGFDQ57DA,北興段,2.20,都市：其他:商業區,2,1,持分移轉,11670000
RPVNMLQLPHIGFDQ57DA,北興段,7.92,都市：其他:商業區,2,1,持分移轉,11740000
RPVNMLQLPHIGFDQ57DA,北興段,24.20,都市：其他:商業區,2,1,持分移轉,11750000
RPPOMLQJPHIGFDQ86DA,崙子頂段崙頂小段,1077.00,都市：其他:公園用地,1,1,全筆移轉,02040000
RPPNMLSLOHIGFBQ86DA,嘉朴段,11.81,都市：其他:住宅區,56,1,持分移轉,02620003
RPPNMLSLOHIGFBQ86DA,嘉朴段,106.49,都市：其他:住宅區,1,1,全筆移轉,02620017
RPQNMLSKOHIGFEQ17DA,番子潭段,1024.00,非都市：一般農業區 ; 非都市編定：農牧用地,1,1,全筆移轉,02260011
RPQNMLSKOHIGFEQ17DA,番子潭段,1515.00,非都市：一般農業區 ; 非都市編定：農牧用地,1,1,全筆移轉,02260016
RPPNMLRLPHIGFDQ07DA,龍潭段,30.06,,306,95,持分移轉,13270000
RPPNMLRLPHIGFDQ07DA,龍潭段,6.45,,323,78,持分移轉,13280000
RPPNMLRLPHIGFDQ07DA,龍潭段,6.50,,1,1,全筆移轉,13290000
RPPNMLRLPHIGFDQ07DA,龍潭段,62.06,都市：其他:住宅區,1,1,全筆移轉,13300000
RPPNMLRLPHIGFDQ07DA,龍潭段,9.70,,323,78,持分移轉,13310001
RPPNMLRLPHIGFDQ07DA,龍潭段,125.00,都市：其他:住宅區,1,1,全筆移轉,13310003
RPPNMLRLPHIGFDQ07DA,龍潭段,22.04,,323,78,持分移轉,13320000
RPSNMLTKPHIGFCQ37DA,潭底段潭底小段,53.34,都市：其他:住,50,1,持分移轉,03420000
RPSNMLTKPHIGFCQ37DA,潭底段潭底小段,.41,都市：其他:住,2441619,8796,持分移轉,03950001
RPQNMLLMPHIGFEQ76DA,內甕段,7.34,都市：其他:住宅區,10000,13,持分移轉,00970009
RPQNMLLMPHIGFEQ76DA,內甕段,.35,都市：其他:保護區,10000,13,持分移轉,00970043
RPPNMLLJOHIGFBQ58DA,振寮段,5177.79,非都市：一般農業區 ; 非都市編定：農牧用地,1,1,全筆移轉,06980000
RPPNMLRJQHIGFCQ96EA,永祿段,64.00,都市：其他:住,2,1,持分移轉,02500000
RPSNMLRJQHIGFCQ17DA,內林段內林小段,5023.00,非都市：特定農業區 ; 非都市編定：農牧用地,1,1,全筆移轉,01310000
RPSNMLRJQHIGFCQ17DA,內林段內林小段,1734.00,非都市：特定農業區 ; 非都市編定：農牧用地,1,1,全筆移轉,01330000
RPPNMLNLNHIGFCQ98DA,崙子段崙子小段,2962.00,非都市：特定農業區 ; 非都市編定：農牧用地,1,1,全筆移轉,06130000
RPPNMLSJQHIGFCQ96DA,崙尾段美東小段,1718.00,非都市：特定農業區 ; 非都市編定：農牧用地,1,1,全筆移轉,03490000
RPPNMLKKOHIGFBQ58DA,雙涵段雙涵小段,2760.00,非都市：特定農業區 ; 非都市編定：農牧用地,1,1,全筆移轉,00440001
RPXNMLOKQHIGFDQ57DA,山子脚段山脚小段,2900.00,非都市：特定農業區 ; 非都市編定：農牧用地,1,1,全筆移轉,07030000
RPOOMLOKQHIGFDQ76DA,山子脚段山脚小段,2910.00,非都市：特定農業區 ; 非都市編定：農牧用地,1,1,全筆移轉,07040000
RPTNMLPKQHIGFBQ07DA,九江段,29.64,都市：其他:商業區,1,1,全筆移轉,04570000
RPTNMLPKQHIGFBQ07DA,九江段,61.53,都市：其他:商業區,1,1,全筆移轉,04580000
RPQNMLOKQHIGFCQ76DA,北斗段,26.56,都市：其他:商,10000,495,持分移轉,10110000
RPPNMLPKQHIGFDQ96EA,嘉新段,348.76,都市：其他:住宅區,1,1,全筆移轉,02150000
RPPNMLPKQHIGFDQ96EA,嘉新段,387.45,都市：其他:住宅區,1,1,全筆移轉,02160000
RPSNMLMLQHIGFDQ96DA,和雲段,166.87,非都市：鄉村區 ; 非都市編定：乙種建築用地,1,1,全筆移轉,04070000
RPPNMLPKQHIGFDQ96EA,嘉新段,98.15,都市：其他:住宅區,1,1,全筆移轉,02620000
RPPNMLTKQHIGFBQ07DA,雙溪口段雙溪小段,1802.00,非都市：特定農業區 ; 非都市編定：農牧用地,1,1,全筆移轉,03650000
RPQNMLTKQHIGFEQ47DA,內甕段,335.00,都市：其他:保安保護區,1,1,全筆移轉,00990011
RPQNMLTKQHIGFEQ47DA,內甕段,30.50,都市：其他:保安保護區,150,15,持分移轉,01950000
RPQNMLTKQHIGFEQ47DA,內甕段,4922.00,都市：其他:保安保護區,1,1,全筆移轉,01950001
RPQNMLTKQHIGFEQ47DA,內甕段,364.00,都市：其他:保安保護區,1,1,全筆移轉,06880002
RPTNMLMJQHIGFBQ66DA,林內段古林小段,2634.00,非都市：特定農業區 ; 非都市編定：農牧用地,1,1,全筆移轉,06020000
RPPNMLQLPHIGFDQ96DA,灣潭子段,67.29,非都市：山坡地保育區 ; 非都市編定：丙種建築用地,24,5,持分移轉,01530000
RPPNMLQLPHIGFDQ96DA,灣潭子段,307.00,非都市：山坡地保育區 ; 非都市編定：丙種建築用地,1,1,全筆移轉,01530008
RPPNMLQLPHIGFDQ96DA,灣潭子段,333.00,非都市：山坡地保育區 ; 非都市編定：丙種建築用地,1,1,全筆移轉,01530009
RPRNMLTKNHIGFBQ96DA,鴨母寮段東安小段,2159.00,非都市：特定農業區 ; 非都市編定：農牧用地,1,1,全筆移轉,03550000
RPQNMLKKOHIGFBQ68DA,雙涵段雙涵小段,2760.00,非都市：特定農業區 ; 非都市編定：農牧用地,1,1,全筆移轉,00440000
RPRNMLLMNHIGFBQ98DA,副瀨段副瀨小段,408.00,非都市：鄉村區 ; 非都市編定：乙種建築用地,1,1,全筆移轉,01000000
RPRNMLLMNHIGFBQ98DA,副瀨段副瀨小段,204.00,非都市：鄉村區 ; 非都市編定：乙種建築用地,1,1,全筆移轉,01000001
RPTNMLRJOHIGFCQ07DA,菜公厝段菜公小段,1389.00,非都市：特定農業區 ; 非都市編定：農牧用地,1,1,全筆移轉,02060000
RPSNMLRJOHIGFCQ96DA,菜公厝段菜公小段,3955.60,非都市：特定農業區 ; 非都市編定：農牧用地,1,1,全筆移轉,02060001
RPPNMLNJNHIGFDQ88DA,大義段,26.08,非都市：特定農業區 ; 非都市編定：農牧用地,7,1,持分移轉,04790000
RPPNMLNJNHIGFDQ88DA,大義段,302.44,都市：其他:農業區,7,1,持分移轉,05250000
RPPNMLNJNHIGFDQ88DA,大義段,7.89,都市：其他:農業區,7,1,持分移轉,05260003
RPVNMLPJOHIGFCQ07DA,山中段,144.00,非都市：一般農業區 ; 非都市編定：甲種建築用地,1,1,全筆移轉,02080028
RPPNMLSJOHIGFCQ86EA,雙援段,1960.00,非都市：特定農業區 ; 非都市編定：農牧用地,1,1,全筆移轉,05460000
RPPNMLKMNHIGFEQ09EA,緞厝寮段,86.00,非都市：鄉村區 ; 非都市編定：乙種建築用地,1,1,全筆移轉,00600040
RPPNMLKMNHIGFEQ09EA,緞厝寮段,33.00,非都市：鄉村區 ; 非都市編定：乙種建築用地,1,1,全筆移轉,00600048
RPPNMLQJOHIGFDQ66DA,石硦段,47327.00,非都市：山坡地保育區 ; 非都市編定：林業用地,1,1,全筆移轉,00230005
RPRNMLRJOHIGFBQ76DA,小槺榔段仁和小段,4271.00,非都市：特定農業區 ; 非都市編定：農牧用地,1,1,全筆移轉,00720000
RPTNMLQLNHIGFBQ96DA,栗子崙段中洲小段,494.00,非都市：一般農業區 ; 非都市編定：特定目的事業用地,1,1,全筆移轉,01030000
RPQNMLNLNHIGFBQ98DA,蒜頭段蒜東小段,729.00,都市：其他:農業區,1,1,全筆移轉,01980000
RPTNMLMJOHIGFDQ66DA,中興段,.27,都市：其他:住宅區,78,2,持分移轉,01730000
RPTNMLMJOHIGFDQ66DA,中興段,84.61,都市：其他:住宅區,1,1,全筆移轉,02350015
RPTNMLMJOHIGFDQ66DA,中興段,.43,都市：其他:住宅區,76,2,持分移轉,02350021
RPPNMLMKOHIGFEQ09DA,轆子腳段,282.00,都市：其他:農業區,1,1,全筆移轉,02860018
RPQNMLSJOHIGFEQ07DA,新內甕段,2500.01,都市：其他:公園用地,1,1,全筆移轉,01070000
RPPNMLRJOHIGFBQ66EA,新生段,162.18,都市：其他:住宅區,1,1,全筆移轉,00930000
RPUNMLTJOHIGFDQ47DA,吳鳳廟段,93.64,都市：其他:住宅區,1,1,全筆移轉,17550000
RPPNMLNKOHIGFDQ56EA,北回段,115.27,非都市：鄉村區 ; 非都市編定：乙種建築用地,1,1,全筆移轉,11950000
RPRNMLLMNHIGFCQ09DA,民工段,83.00,都市：其他:住,1,1,全筆移轉,00690008
RPPNMLRLNHIGFCQ76DA,福安段,76.22,都市：其他:住,1,1,全筆移轉,09930027
RPVOMLRJOHIGFDQ47DA,田尾段田尾小段,2444.00,非都市：特定農業區 ; 非都市編定：農牧用地,1,1,全筆移轉,07200000
RPPNMLNKOHIGFCQ98DA,金興段,80.97,都市：其他:住,1,1,全筆移轉,14270000
RPQNMLQKOHIGFCQ76DA,大崙段大崙小段,2627.00,非都市：特定農業區 ; 非都市編定：農牧用地,1,1,全筆移轉,04090000
RPRNMLQKOHIGFCQ86DA,大崙段大崙小段,2626.00,非都市：特定農業區 ; 非都市編定：農牧用地,1,1,全筆移轉,04100000
RPRNMLPKOHIGFCQ76DA,大崎腳段,1335.00,非都市：特定農業區 ; 非都市編定：農牧用地,1,1,全筆移轉,01780000
RPPNMLKKOHIGFDQ78DA,王爺段,40.98,都市：其他:農業區,4,1,持分移轉,03100000
RPPNMLKKOHIGFDQ78DA,王爺段,70.35,都市：其他:農業區,4,1,持分移轉,03100001
RPPNMLKKOHIGFDQ78DA,王爺段,906.66,都市：其他:農業區,1,1,全筆移轉,03100005
RPVNMLTJOHIGFDQ57DA,灣潭子段,17565.00,非都市：山坡地保育區 ; 非都市編定：農牧用地,1,1,全筆移轉,02900002
RPTNMLLJOHIGFDQ56DA,頂港子墘段頂港小段,1432.80,,1,1,全筆移轉,01020001
RPVOMLOKOHIGFDQ27DA,後潭段後潭小段,2668.00,非都市：特定農業區 ; 非都市編定：農牧用地,1,1,全筆移轉,02130000
RPSNMLLMNHIGFDQ66DA,太頂珠段,41.89,都市：其他:住宅區,16,1,持分移轉,00070001
RPSNMLLMNHIGFDQ66DA,太頂珠段,79.35,都市：其他:住宅區,1,1,全筆移轉,00070026
RPTOMLTLNHIGFDQ57DA,安家厝段,394.81,非都市：特定農業區 ; 非都市編定：甲種建築用地,1,1,全筆移轉,16000000
RPTOMLTLNHIGFDQ57DA,安家厝段,45.86,非都市：特定農業區 ; 非都市編定：甲種建築用地,1,1,全筆移轉,16360000
RPPNMLQKOHIGFDQ76DA,下寮新段,240.38,非都市：鄉村區 ; 非都市編定：乙種建築用地,1,1,全筆移轉,07920001
RPOOMLOJNHIGFBQ78DA,德安段,179.00,都市：其他:住宅區,1,1,全筆移轉,16000000
RPOOMLOJNHIGFBQ78DA,德安段,174.00,都市：其他:住宅區,1,1,全筆移轉,16010000
RPSNMLPKOHIGFDQ96DA,頂港子墘段頂港小段,93.00,,1,1,全筆移轉,02620002
RPSNMLPKOHIGFDQ96DA,頂港子墘段頂港小段,907.00,,1,1,全筆移轉,02620003
RPROMLQKOHIGFCQ96DA,好收段竹圍後小段,367.00,,1,1,全筆移轉,02080049
RPQNMLNKOHIGFDQ56DA,鹿南段,420.55,都市：其他:住宅區,1,1,全筆移轉,02460000
RPSNMLQKOHIGFDQ07DA,過溝段過溝小段,82.00,都市：其他:住宅區,1,1,全筆移轉,04130018
RPPNMLKKOHIGFEQ88DA,崎腳段,64.00,非都市：鄉村區 ; 非都市編定：乙種建築用地,1,1,全筆移轉,05060000
RPPNMLSJOHIGFDQ86DA,鹿西段,4.41,都市：其他:道路用地,60,1,持分移轉,02110000
RPPNMLSJOHIGFDQ86DA,鹿西段,4.72,都市：其他:道路用地,60,1,持分移轉,02120000
RPPNMLSJOHIGFDQ86DA,鹿西段,7.28,都市：其他:住宅區,60,1,持分移轉,02130000
RPPNMLSJOHIGFDQ86DA,鹿西段,11.20,都市：其他:住宅區,60,1,持分移轉,02140000
RPPNMLSJOHIGFDQ86DA,鹿西段,1.31,都市：其他:道路用地,60,1,持分移轉,02240000
RPPNMLSJOHIGFDQ86DA,鹿西段,1.88,都市：其他:住宅區,60,1,持分移轉,02250000
RPPNMLSJOHIGFDQ86DA,鹿西段,.81,都市：其他:住宅區,60,1,持分移轉,02260000
RPPNMLSJOHIGFDQ86DA,鹿西段,.28,都市：其他:住宅區,60,1,持分移轉,02740000
RPPNMLSJOHIGFDQ86DA,鹿西段,.38,都市：其他:道路用地,60,1,持分移轉,02750000
RPSNMLTKOHIGFBQ17DA,雙溪口段雙溪小段,1345.00,非都市：特定農業區 ; 非都市編定：農牧用地,1,1,全筆移轉,01440000
RPTRMLRKOHIGFCQ57DA,秀林段,5.40,非都市：鄉村區 ; 非都市編定：乙種建築用地,10000,685,持分移轉,19630004
RPTRMLRKOHIGFCQ57DA,秀林段,31.45,非都市：鄉村區 ; 非都市編定：乙種建築用地,10000,685,持分移轉,19630005
RPTRMLRKOHIGFCQ57DA,秀林段,1.14,非都市：鄉村區 ; 非都市編定：乙種建築用地,10000,685,持分移轉,19630006
RPPNMLLLOHIGFBQ78DA,港尾寮段港美小段,1759.00,非都市：特定農業區 ; 非都市編定：農牧用地,1,1,全筆移轉,03500000
RPPNMLLLOHIGFBQ78DA,港尾寮段港美小段,1656.00,非都市：特定農業區 ; 非都市編定：農牧用地,1,1,全筆移轉,03510000
RPPNMLLLOHIGFDQ09EA,北興段,69.40,都市：其他:商業區,1,1,全筆移轉,12940000
RPPNMLLLOHIGFDQ09EA,北興段,21.13,都市：其他:商業區,1,1,全筆移轉,12960001
RPPNMLLLOHIGFDQ09EA,北興段,38.56,都市：其他:住宅區,1,1,全筆移轉,13410000
RPQNMLRKOHIGFDQ96DA,大義段,39.35,非都市：特定農業區 ; 非都市編定：丁種建築用地,1000000,22109,持分移轉,02960001
RPQNMLRKOHIGFDQ96DA,大義段,.48,非都市：特定農業區 ; 非都市編定：丁種建築用地,42,1,持分移轉,02960004
RPQNMLRKOHIGFDQ96DA,大義段,.70,非都市：特定農業區 ; 非都市編定：丁種建築用地,42,1,持分移轉,02960049
RPQNMLRKOHIGFDQ96DA,大義段,274.97,非都市：特定農業區 ; 非都市編定：丁種建築用地,1,1,全筆移轉,02960071
RPQNMLRKOHIGFDQ96DA,大義段,14.85,非都市：特定農業區 ; 非都市編定：丁種建築用地,1,1,全筆移轉,02960072
RPQNMLRKOHIGFDQ96DA,大義段,.67,非都市：特定農業區 ; 非都市編定：丁種建築用地,1000000,23809,持分移轉,02960092
RPQNMLRKOHIGFDQ96DA,大義段,.10,非都市：特定農業區 ; 非都市編定：丁種建築用地,1000000,23809,持分移轉,02960093
RPQNMLPLMHIGFCQ56DA,江厝店段,80.00,都市：其他:農,1,1,全筆移轉,04810008
RPPNMLOLNHIGFEQ76EA,番子潭段,1084.00,非都市：一般農業區 ; 非都市編定：農牧用地,1,1,全筆移轉,00640017
RPQNMLLJNHIGFCQ68DA,三間厝段,1890.00,非都市：特定農業區 ; 非都市編定：農牧用地,1,1,全筆移轉,04730000
RPRNMLLJNHIGFCQ78DA,三間厝段,1890.00,非都市：特定農業區 ; 非都市編定：農牧用地,1,1,全筆移轉,04730001
RPSNMLLJNHIGFCQ88DA,三間厝段,1890.00,非都市：特定農業區 ; 非都市編定：農牧用地,1,1,全筆移轉,04730002
RPQNMLMKOHIGFCQ98DA,西安段,85.00,都市：其他:住,1,1,全筆移轉,02170000
RPTNMLLJNHIGFCQ98DA,三間厝段,1890.00,非都市：特定農業區 ; 非都市編定：農牧用地,1,1,全筆移轉,04730003
RPPNMLOKMHIGFCQ88DA,港東段,36.00,,1,1,全筆移轉,05680000
RPPNMLOKMHIGFCQ88DA,港東段,157.00,都市：其他:住,1,1,全筆移轉,05710000
RPPNMLOKMHIGFCQ88DA,港東段,9.00,都市：其他:住,3,1,持分移轉,06050000
RPPNMLOKMHIGFCQ88DA,港東段,19.00,,3,1,持分移轉,06060000
RPPNMLOKMHIGFCQ88DA,港東段,1.00,,3,1,持分移轉,06060001
RPTNMLOLNHIGFDQ96DA,柳子林段柳林小段,2023.00,非都市：特定農業區 ; 非都市編定：農牧用地,1,1,全筆移轉,01420000
RPRNMLRKNHIGFCQ86DA,頂寮段,2190.00,非都市：特定農業區 ; 非都市編定：農牧用地,1,1,全筆移轉,06460000
RPVNMLQLOHIGFDQ47DA,崙子頂段崙頂小段,1017.00,都市：其他:住宅區,1,1,全筆移轉,01230000
RPVNMLSLOHIGFDQ67DA,和雲段,85.09,非都市：鄉村區 ; 非都市編定：乙種建築用地,1,1,全筆移轉,00870000
RPVNMLNJPHIGFBQ86DA,港尾寮新段,2884.80,非都市：一般農業區 ; 非都市編定：農牧用地,1,1,全筆移轉,11500000
RPUNMLQLOHIGFCQ27DA,甘蔗崙段甘蔗崙小段,1414.00,非都市：特定農業區 ; 非都市編定：農牧用地,1,1,全筆移轉,03160000
RPXNMLNJPHIGFBQ07DA,港尾寮新段,2884.80,非都市：一般農業區 ; 非都市編定：農牧用地,1,1,全筆移轉,11500001
RPRNMLSKNHIGFCQ96DA,福安段,25.06,都市：其他:住,1000,80,持分移轉,09930012
RPRNMLSKNHIGFCQ96DA,福安段,76.09,都市：其他:住,1,1,全筆移轉,09930017
RPOOMLSLMHIGFBQ66DA,大塗師段,448.00,非都市：鄉村區 ; 非都市編定：乙種建築用地,3,1,持分移轉,01220000
RPQNMLLJNHIGFBQ58DA,大塗師段,896.00,非都市：鄉村區 ; 非都市編定：乙種建築用地,3,2,持分移轉,01220000
RPSNMLPJPHIGFDQ96DA,東勢寮段東勢小段,358.00,,1,1,全筆移轉,02110000
RPRNMLOJPHIGFCQ66DA,內林段內林小段,126.00,非都市：特定農業區 ; 非都市編定：甲種建築用地,1,1,全筆移轉,04330024
RPSNMLPJPHIGFDQ96DA,東勢寮段東勢小段,756.00,都市：其他:商業區,1,1,全筆移轉,02110002
RPRNMLTLNHIGFBQ07DA,大德興段,189.78,非都市：特定農業區 ; 非都市編定：農牧用地,1,1,全筆移轉,07900000
RPTNMLPJPHIGFDQ07DA,東勢寮段東勢小段,46.00,都市：其他:綠道用地,1,1,全筆移轉,02110001
RPTNMLRJPHIGFCQ17DA,松子腳段松腳小段,129.50,非都市：一般農業區 ; 非都市編定：農牧用地,2,1,持分移轉,00010001
RPTNMLRJPHIGFCQ17DA,松子腳段松腳小段,88.00,非都市：一般農業區 ; 非都市編定：農牧用地,2,1,持分移轉,00010002
RPTNMLRJPHIGFCQ17DA,松子腳段松腳小段,87.50,非都市：一般農業區 ; 非都市編定：農牧用地,2,1,持分移轉,00010003
RPTNMLRJPHIGFCQ17DA,松子腳段,5475.00,非都市：一般農業區 ; 非都市編定：農牧用地,9690,5475,持分移轉,02630010
RPTNMLRJPHIGFCQ17DA,松子腳段,4381.00,非都市：一般農業區 ; 非都市編定：農牧用地,1,1,全筆移轉,02630028
RPTNMLRJPHIGFCQ17DA,松子腳段,4975.00,非都市：一般農業區 ; 非都市編定：農牧用地,8688,4975,持分移轉,02630029
RPQNMLNJPHIGFEQ66DA,番子潭段,3814.00,非都市：山坡地保育區 ; 非都市編定：農牧用地,1,1,全筆移轉,00120153
RPVNMLMKPHIGFCQ96DA,大崎腳段,570.00,非都市：一般農業區 ; 非都市編定：甲種建築用地,1,1,全筆移轉,01140052
RPQNMLNJPHIGFEQ66DA,番子潭段,3813.00,非都市：山坡地保育區 ; 非都市編定：農牧用地,1,1,全筆移轉,00120277
RPRNMLNKPHIGFDQ76DA,嘉新段,40.82,,1,1,全筆移轉,05540042
RPQNMLNKPHIGFDQ66DA,嘉新段,405.70,都市：其他:住宅區,1,1,全筆移轉,05540003
RPUNMLLKPHIGFBQ66DA,下竹圍段佳禾小段,112.00,非都市：特定農業區 ; 非都市編定：甲種建築用地,1,1,全筆移轉,02410000
RPSNMLKMOHIGFCQ56DA,番婆段安和小段,3848.00,非都市：特定農業區 ; 非都市編定：農牧用地,1,1,全筆移轉,01400000
RPRNMLNKPHIGFCQ66DA,大崎段,76.30,非都市：鄉村區 ; 非都市編定：乙種建築用地,1,1,全筆移轉,16650000
RPTNMLOKPHIGFBQ86DA,六斗尾段六斗小段,3318.00,非都市：特定農業區 ; 非都市編定：農牧用地,1,1,全筆移轉,01770000
RPRNMLRKPHIGFDQ17DA,東勢寮段東勢小段,447.00,都市：其他:國民小學用地,4,2,持分移轉,03480001
RPRNMLRKPHIGFDQ17DA,東勢寮段東勢小段,778.00,都市：其他:公園用地,2384,778,持分移轉,03540000
RPSNMLSKPHIGFCQ37EA,東林段,59.11,都市：其他:住,1,1,全筆移轉,11830000
RPPPMLPLPHIGFBQ86DA,過溝段過溝小段,1578.50,非都市：一般農業區 ; 非都市編定：農牧用地,1,1,全筆移轉,04660000
RPPNMLLMPHIGFCQ56EA,大埔美段過溪小段,2421.00,非都市：特定農業區 ; 非都市編定：農牧用地,1,1,全筆移轉,00950000
RPQNMLKLPHIGFCQ98DA,義興段,1262.15,都市：其他:農,1,1,全筆移轉,06320006
RPOOMLQLPHIGFDQ96DA,茄苳脚段春珠小段,4076.00,非都市：特定農業區 ; 非都市編定：農牧用地,1,1,全筆移轉,11270000
RPQNMLTKPHIGFDQ37EA,水東段,350.67,都市：其他:住宅區,12,5,持分移轉,03180000
RPRNMLKLPHIGFCQ09DA,義興段,1032.79,都市：其他:農,1,1,全筆移轉,06320025
RPSNMLTKOHIGFDQ37DA,頂港子墘段頂港小段,.00,,1,1,全筆移轉,09960001
RPQNMLNJQHIGFDQ76EA,水西段,189.62,都市：其他:住宅區,3,1,持分移轉,05410001
RPPNMLLKQHIGFCQ09EA,大崎段,109.04,都市：其他:住,375,56,持分移轉,11490003
RPPNMLLKQHIGFCQ09EA,大崎段,1190.00,都市：其他:住,1,1,全筆移轉,11490005
RPPNMLLKQHIGFCQ98DA,松子腳段,2607.00,非都市：一般農業區 ; 非都市編定：農牧用地,1,1,全筆移轉,01050000
RPUNMLLJQHIGFBQ66DA,新寮段,294.25,都市：其他:住宅區,1,1,全筆移轉,07740002
RPUNMLLJQHIGFBQ66DA,新寮段,8.95,都市：其他:道路用地,18,5,持分移轉,07750000
RPUNMLLJQHIGFBQ66DA,新寮段,57.62,都市：其他:道路用地,18,5,持分移轉,07770000
SPPNMLLKQHIGFCQ09DA,松子腳段,2949.00,非都市：一般農業區 ; 非都市編定：農牧用地,1,1,全筆移轉,01090000
TPPNMLLKQHIGFCQ56DA,松子腳段,1384.50,非都市：一般農業區 ; 非都市編定：農牧用地,2,1,持分移轉,01070000
RPXNMLSKQHIGFDQ97DA,東新段,97.75,,1,1,全筆移轉,01700012
RPQNMLPLPHIGFDQ96DA,下塗溝段,59.06,非都市：鄉村區 ; 非都市編定：乙種建築用地,32,3,持分移轉,01030000
RPQNMLPLPHIGFDQ96DA,下塗溝段,330.00,非都市：鄉村區 ; 非都市編定：乙種建築用地,1,1,全筆移轉,01030008
RPQNMLNJOHIGFDQ09DA,新舊埤段,117.05,非都市：鄉村區 ; 非都市編定：乙種建築用地,1,1,全筆移轉,04740000
RPPNMLNJOHIGFDQ98DA,新舊埤段,115.86,非都市：鄉村區 ; 非都市編定：乙種建築用地,1,1,全筆移轉,04730000
RPWNMLQJOHIGFDQ37DA,北回段,80.65,非都市：鄉村區 ; 非都市編定：乙種建築用地,1,1,全筆移轉,10850000
RPQNMLSJOHIGFCQ96EA,厝子段下厝小段,110.00,非都市：特定農業區 ; 非都市編定：農牧用地,12,3,持分移轉,01230000
RPSNMLRJOHIGFDQ07DA,重寮段,955.02,非都市：鄉村區 ; 非都市編定：乙種建築用地,1,1,全筆移轉,02080000
RPUNMLLJOHIGFCQ56DA,東興段,3309.92,非都市：山坡地保育區 ; 非都市編定：農牧用地,1,1,全筆移轉,00380000
RPUNMLSJOHIGFDQ37DA,下寮新段,4082.20,非都市：特定農業區 ; 非都市編定：農牧用地,127575,122466,持分移轉,11260000
RPUNMLMJOHIGFCQ66DA,福樂段,62.46,都市：其他:住,1,1,全筆移轉,08820000
RPPNMLMKOHIGFBQ78DA,竹子腳段竹嘉小段,2392.00,非都市：特定農業區 ; 非都市編定：農牧用地,1,1,全筆移轉,15510000
RPPNMLTJOHIGFCQ86DA,溪北段溪北小段,4122.00,非都市：特定農業區 ; 非都市編定：農牧用地,1,1,全筆移轉,08950000
RPPNMLTJOHIGFCQ86DA,溪北段溪北小段,3466.00,非都市：特定農業區 ; 非都市編定：農牧用地,1,1,全筆移轉,08960000
RPVNMLRJOHIGFBQ17DA,嘉朴段,7.60,都市：其他:住宅區,100000,132,持分移轉,02620000
RPSNMLNKOHIGFBQ56DA,過溝段過溝小段,1824.79,非都市：一般農業區 ; 非都市編定：農牧用地,1,1,全筆移轉,04670000
RPPNMLMKOHIGFDQ09EA,下潭新段,143.01,非都市：鄉村區 ; 非都市編定：乙種建築用地,1,1,全筆移轉,04030000
RPSNMLPJOHIGFDQ86DA,太頂珠段,43.23,都市：其他:住宅區,200000,616,持分移轉,00240004
RPSNMLNKOHIGFDQ76DA,大義段,62.64,非都市：特定農業區 ; 非都市編定：農牧用地,1,1,全筆移轉,02660000
RPUNMLTKNHIGFBQ27DA,過路子段過路小段,2988.00,非都市：特定農業區 ; 非都市編定：農牧用地,1,1,全筆移轉,03710000
RPVNMLPJOHIGFDQ17DA,東新段,19.75,,19,1,持分移轉,01700022
RPVNMLPJOHIGFDQ17DA,東新段,90.00,,1,1,全筆移轉,01700033
RPWOMLQKOHIGFCQ47DA,永祿段,.60,,120,4,持分移轉,09980000
RPVOMLQKOHIGFCQ37DA,永祿段,1.53,,60,2,持分移轉,09960000
RPVOMLQKOHIGFCQ37DA,永祿段,.17,都市：其他:住,60,2,持分移轉,10010000
RPPOMLQKOHIGFCQ76DA,三間厝段,79.00,非都市：一般農業區 ; 非都市編定：甲種建築用地,1,1,全筆移轉,00860039
RPURMLRKOHIGFCQ67DA,下埤頭段下埤頭小段,733.00,非都市：特定農業區 ; 非都市編定：甲種建築用地,1,1,全筆移轉,04010002
RPVNMLSKNHIGFBQ27DA,新寮段,120.20,都市：其他:住宅區,1,1,全筆移轉,05760001
RPQNMLQLNHIGFBQ66DA,六興段,464.67,都市：其他:道路,1,1,全筆移轉,02240001
RPRNMLRLOHIGFBQ96DA,江山段,514.00,非都市：特定專用區 ; 非都市編定：養殖用地,3,1,持分移轉,10680000
RPQNMLPJOHIGFDQ76EA,下潭新段,143.01,非都市：鄉村區 ; 非都市編定：乙種建築用地,1,1,全筆移轉,03940000
RPRNMLQLNHIGFBQ76DA,六興段,634.38,都市：其他:道路,1,1,全筆移轉,02160000
RPRNMLKKOHIGFBQ78DA,東石段,36.06,非都市：鄉村區 ; 非都市編定：乙種建築用地,1,1,全筆移轉,12060000
RPRNMLKKOHIGFBQ78DA,東石段,37.37,非都市：鄉村區 ; 非都市編定：乙種建築用地,1,1,全筆移轉,12070000
SPRNMLRLOHIGFBQ07DA,江山段,530.90,非都市：特定專用區 ; 非都市編定：養殖用地,1,1,全筆移轉,10690000
SPRNMLRLOHIGFBQ07DA,江山段,610.00,非都市：特定專用區 ; 非都市編定：養殖用地,1,1,全筆移轉,10700000
SPRNMLRLOHIGFBQ07DA,江山段,590.01,非都市：特定專用區 ; 非都市編定：養殖用地,1,1,全筆移轉,10710000
SPRNMLRLOHIGFBQ07DA,江山段,2565.10,非都市：特定專用區 ; 非都市編定：養殖用地,1,1,全筆移轉,10720000
SPRNMLRLOHIGFBQ07DA,江山段,3511.69,非都市：特定專用區 ; 非都市編定：養殖用地,1,1,全筆移轉,10730000
SPRNMLRLOHIGFBQ07DA,江山段,199.72,非都市：特定專用區 ; 非都市編定：養殖用地,1,1,全筆移轉,10730001
RPPNMLQLOHIGFCQ76DA,吉林段,44.33,都市：其他:商,6,1,持分移轉,02670000
RPQNMLQLOHIGFCQ86DA,吉林段,44.33,都市：其他:商,6,1,持分移轉,02670000
RPXOMLQLOHIGFCQ67DA,水仙段,61.02,非都市：特定農業區 ; 非都市編定：甲種建築用地,1,1,全筆移轉,05340000
RPOPMLQLOHIGFCQ86DA,水仙段,61.75,非都市：特定農業區 ; 非都市編定：甲種建築用地,1,1,全筆移轉,05330000
RPVNMLQJMHIGFCQ96DA,上崙段柳二小段,1726.80,非都市：特定農業區 ; 非都市編定：農牧用地,1,1,全筆移轉,00390000
RPVNMLQJMHIGFCQ96DA,上崙段柳二小段,122.50,非都市：特定農業區 ; 非都市編定：農牧用地,4,3,持分移轉,00830000
RPVNMLQJMHIGFCQ96DA,上崙段柳二小段,173.72,非都市：特定農業區 ; 非都市編定：農牧用地,4,3,持分移轉,00830002
RPVRMLNLNHIGFDQ47DA,東勢寮段,568.00,,1,1,全筆移轉,03230008
RPVRMLNLNHIGFDQ47DA,東勢寮段,389.00,,1,1,全筆移轉,03230009
RPRNMLQLOHIGFEQ17DA,梅南段,77.00,都市：其他:,1,1,全筆移轉,08550001
RPRNMLQLOHIGFEQ17DA,梅南段,31.00,都市：其他:,1,1,全筆移轉,08600000
RPRNMLQLOHIGFEQ17DA,梅南段,452.00,都市：住,1,1,全筆移轉,08630000
RPPNMLKKPHIGFBQ78EA,新厝段,168.45,都市：其他:住宅區,1,1,全筆移轉,06370000
RPPNMLQJPHIGFEQ86DA,內埔段,103.07,非都市：一般農業區 ; 非都市編定：農牧用地,1,1,全筆移轉,06870003
RPPNMLQJPHIGFEQ86DA,內埔段,123.64,非都市：鄉村區 ; 非都市編定：乙種建築用地,1,1,全筆移轉,07670000
RPUNMLOJPHIGFCQ96DA,中洋子段,913.00,非都市：鄉村區 ; 非都市編定：乙種建築用地,1,1,全筆移轉,03380003
RPXNMLOJPHIGFCQ27DA,下埤頭段下埤頭小段,733.00,非都市：特定農業區 ; 非都市編定：甲種建築用地,1,1,全筆移轉,04010002
RPQNMLSKPHIGFDQ17DA,頂埔段,319.00,非都市：山坡地保育區 ; 非都市編定：丙種建築用地,1,1,全筆移轉,02120006
RPQNMLLKPHIGFDQ09DA,石頭厝段,7.88,非都市：特定農業區 ; 非都市編定：甲種建築用地,24,7,持分移轉,00180012
RPQNMLLKPHIGFDQ09DA,石頭厝段,.58,非都市：特定農業區 ; 非都市編定：甲種建築用地,24,7,持分移轉,00180018
RPQNMLLKPHIGFDQ09DA,石頭厝段,56.00,非都市：特定農業區 ; 非都市編定：甲種建築用地,24,7,持分移轉,00180024
RPQNMLLKPHIGFDQ09DA,石頭厝段,241.00,非都市：特定農業區 ; 非都市編定：甲種建築用地,1,1,全筆移轉,00180026
RPQNMLQJOHIGFCQ66DA,大工一段,5338.47,非都市：工業區 ; 非都市編定：丁種建築用地,1,1,全筆移轉,02680001
RPQNMLPLPHIGFEQ07DA,昇平段,3834.04,非都市：一般農業區 ; 非都市編定：農牧用地,1,1,全筆移轉,05290000
RPOPMLPLPHIGFBQ76DA,走賊宅段走宅小段,3209.86,非都市：一般農業區 ; 非都市編定：農牧用地,1,1,全筆移轉,01360000
RPSNMLLJQHIGFBQ09DA,牛挑灣段松梅小段,2707.00,非都市：特定農業區 ; 非都市編定：農牧用地,1,1,全筆移轉,03790000
RPSNMLTKPHIGFBQ27DA,新厝段,1038.76,都市：其他:住宅區,1,1,全筆移轉,06920000
RPSNMLTKPHIGFBQ27DA,新厝段,119.30,都市：其他:道路,1,1,全筆移轉,06920001
RPRNMLLMPHIGFDQ76DA,茄苳脚段春珠小段,1882.00,非都市：特定農業區 ; 非都市編定：農牧用地,1,1,全筆移轉,11280000
RPTNMLLJQHIGFBQ56DA,牛挑灣段松梅小段,8885.00,非都市：特定農業區 ; 非都市編定：養殖用地,1,1,全筆移轉,03600000
RPTNMLLJQHIGFBQ56DA,牛挑灣段松梅小段,870.00,非都市：特定農業區 ; 非都市編定：養殖用地,1,1,全筆移轉,03610000
RPTNMLLJQHIGFBQ56DA,牛挑灣段松梅小段,1809.00,非都市：特定農業區 ; 非都市編定：農牧用地,1,1,全筆移轉,03850000
RPRNMLLMPHIGFDQ76DA,茄苳脚段春珠小段,1853.00,非都市：特定農業區 ; 非都市編定：農牧用地,1,1,全筆移轉,11290000
RPRNMLLMPHIGFDQ76DA,茄苳脚段春珠小段,1768.00,非都市：特定農業區 ; 非都市編定：農牧用地,1,1,全筆移轉,11300000
RPVNMLRLPHIGFDQ67DA,安家厝段,211.25,非都市：特定農業區 ; 非都市編定：甲種建築用地,1,1,全筆移轉,16320009
RPSNMLLLQHIGFDQ86DA,南珠段,92.23,非都市：鄉村區 ; 非都市編定：乙種建築用地,9,1,持分移轉,00270000
RPSNMLLLQHIGFDQ86DA,南珠段,371.00,非都市：鄉村區 ; 非都市編定：乙種建築用地,1,1,全筆移轉,00270012
RPSNMLLLQHIGFDQ86DA,南珠段,9.03,非都市：特定農業區 ; 非都市編定：農牧用地,84,1,持分移轉,00320000
RPSNMLOKQHIGFDQ07DA,和睦段,104.85,都市：其他:住宅區,1,1,全筆移轉,01610000
RPQNMLQJOHIGFDQ76DA,頂埔段,327.00,非都市：山坡地保育區 ; 非都市編定：丙種建築用地,1,1,全筆移轉,02120005
RPTNMLSJOHIGFDQ27DA,中庄段,1797.92,非都市：鄉村區 ; 非都市編定：乙種建築用地,1,1,全筆移轉,18020000
RPRNMLQJOHIGFDQ86DA,頂埔段,394.00,非都市：山坡地保育區 ; 非都市編定：丙種建築用地,1,1,全筆移轉,02120004
RPRNMLKLOHIGFBQ88DA,六興段,9.13,都市：其他:住宅區,1,1,全筆移轉,06200003
RPRNMLKLOHIGFBQ88DA,六興段,85.38,都市：其他:住宅區,1,1,全筆移轉,06320005
RPSNMLNKOHIGFDQ86EA,中興段,29.83,都市：其他:住宅區,1,1,全筆移轉,09040000
RPSNMLNKOHIGFDQ86EA,中興段,52.91,非都市：特定農業區 ; 非都市編定：甲種建築用地,1,1,全筆移轉,09050000
RPSNMLNKOHIGFDQ86EA,中興段,19.37,非都市：特定農業區 ; 非都市編定：甲種建築用地,1,1,全筆移轉,09060000
RPSNMLNKOHIGFDQ86EA,中興段,3.27,都市：其他:住宅區,1,1,全筆移轉,09070000
RPPNMLKLOHIGFEQ98DA,新內甕段,1488.03,非都市：山坡地保育區 ; 非都市編定：農牧用地,10000,5418,持分移轉,15710000
RPQNMLOKOHIGFDQ66DA,鹿南段,90.75,都市：其他:住宅區,1,1,全筆移轉,04700041
RPQNMLOKOHIGFDQ66DA,鹿南段,30.16,都市：其他:住宅區,14,2,持分移轉,05460000
RPRNMLNKOHIGFDQ76EA,和雲段,55.39,非都市：鄉村區 ; 非都市編定：乙種建築用地,1,1,全筆移轉,13590000
RPRNMLNKOHIGFDQ76EA,和雲段,174.04,非都市：鄉村區 ; 非都市編定：乙種建築用地,1,1,全筆移轉,13600000
RPSNMLSLOHIGFDQ37DA,牛稠埔段,85.00,非都市：一般農業區 ; 非都市編定：農牧用地,175,85,持分移轉,02570000
RPSNMLSLOHIGFDQ37DA,牛稠埔段,26.44,非都市：一般農業區 ; 非都市編定：農牧用地,72,34,持分移轉,02570001
RPSNMLSLOHIGFDQ37DA,牛稠埔段,34.00,非都市：一般農業區 ; 非都市編定：農牧用地,172,34,持分移轉,02570002
RPSNMLSLOHIGFDQ37DA,牛稠埔段,7.56,非都市：一般農業區 ; 非都市編定：農牧用地,72,34,持分移轉,02570003
RPSNMLSLOHIGFDQ37DA,牛稠埔段,293.00,非都市：一般農業區 ; 非都市編定：農牧用地,1,1,全筆移轉,02570007
RPPNMLKMOHIGFBQ88EA,蘇厝段,22.10,非都市：鄉村區 ; 非都市編定：乙種建築用地,30000,257,持分移轉,05660000
RPPNMLKMOHIGFBQ88EA,蘇厝段,4.25,非都市：鄉村區 ; 非都市編定：乙種建築用地,60,1,持分移轉,05670000
RPPNMLKMOHIGFBQ88EA,蘇厝段,53.14,非都市：鄉村區 ; 非都市編定：乙種建築用地,60,1,持分移轉,05680000
RPPNMLKMOHIGFBQ88EA,蘇厝段,3.24,非都市：鄉村區 ; 非都市編定：乙種建築用地,60,1,持分移轉,05690000
RPTNMLSLOHIGFCQ37DA,金興段,80.31,都市：其他:住,1,1,全筆移轉,03920000
RPSNMLMKPHIGFDQ76DA,頂港子墘段頂港小段,3404.00,都市：其他:住宅區,1,1,全筆移轉,00760000
RPPNMLLLPHIGFDQ09DA,新大崙段,184.05,非都市：鄉村區 ; 非都市編定：乙種建築用地,1,1,全筆移轉,06710000
RPSNMLRKPHIGFCQ17DA,溪西段,.48,,13,1,持分移轉,08970000
RPSNMLRKPHIGFCQ17DA,溪西段,20.48,,13,1,持分移轉,08990000
RPSNMLRKPHIGFCQ17DA,溪西段,1.19,,13,1,持分移轉,08990002
RPSNMLRKPHIGFCQ17DA,溪西段,6.34,,12,1,持分移轉,08990004
RPSNMLRKPHIGFCQ17DA,溪西段,3.17,,12,1,持分移轉,08990005
RPSNMLRKPHIGFCQ17DA,溪西段,112.01,,1,1,全筆移轉,09100011
RPPNMLMKPHIGFDQ09DA,下塗溝段,80.00,非都市：鄉村區 ; 非都市編定：乙種建築用地,1,1,全筆移轉,01090010
RPPNMLMLPHIGFBQ98DA,九江段,78.22,都市：其他:商業區,1,1,全筆移轉,07340002
RPQNMLSJOHIGFDQ96DA,龍潭段,16.27,,2,1,持分移轉,06770000
RPQNMLSJOHIGFDQ96DA,龍潭段,240.81,都市：其他:住宅區,1,1,全筆移轉,06780000
RPQNMLSJOHIGFDQ96DA,龍潭段,15.08,,1,1,全筆移轉,06780001
RPQNMLSJOHIGFDQ96DA,龍潭段,189.69,,2,1,持分移轉,06790000
RPQNMLSJOHIGFDQ96DA,龍潭段,8.35,都市：其他:住宅區,2,1,持分移轉,06790001
RPQNMLSJOHIGFDQ96DA,龍潭段,473.70,都市：其他:住宅區,1,1,全筆移轉,06940000
RPQNMLSJOHIGFDQ96DA,龍潭段,30.18,,1,1,全筆移轉,06940001
RPUNMLPJPHIGFDQ17DA,龍潭段,58.45,都市：其他:住宅區,1,1,全筆移轉,07360000
RPUNMLQJOHIGFDQ17DA,嘉保段,88.19,都市：其他:第二種住宅區,1,1,全筆移轉,00350000
RPUNMLKLPHIGFDQ86DA,大埔段,3554.00,都市：其他:保護區,1,1,全筆移轉,14580061
RPRNMLMKPHIGFDQ66DA,過溝段過溝小段,92.00,,1,1,全筆移轉,10570039
RPUNMLKLPHIGFDQ86DA,大埔段,40.00,都市：其他:保護區,1,1,全筆移轉,14580064
RPRNMLMKPHIGFDQ66DA,過溝段過溝小段,36.30,,1000,66,持分移轉,10570044
RPRNMLMKPHIGFDQ66DA,過溝段過溝小段,1.39,,1000,66,持分移轉,10570045
RPRNMLMKPHIGFDQ66DA,過溝段過溝小段,.40,都市：其他:住宅區,1000,66,持分移轉,11340012
RPWNMLPLPHIGFDQ57DA,江堀段,57.31,非都市：鄉村區 ; 非都市編定：乙種建築用地,12,1,持分移轉,07310002
RPWNMLPLPHIGFDQ57DA,江堀段,193.99,非都市：鄉村區 ; 非都市編定：乙種建築用地,1,1,全筆移轉,07310005
RPXNMLPKQHIGFDQ67DA,水南段,158.26,,1,1,全筆移轉,09920010
RPRNMLOKQHIGFBQ76DA,大塗師段塗師小段,4806.00,非都市：特定農業區 ; 非都市編定：農牧用地,1,1,全筆移轉,02340000
RPPNMLLLQHIGFBQ98DA,小槺榔段仁和小段,917.65,非都市：特定農業區 ; 非都市編定：農牧用地,2,1,持分移轉,02090000
RPSNMLQKNHIGFCQ86DA,潭底段潭底小段,26.48,都市：其他:住,100000,699,持分移轉,00610000
RPQNMLPJOHIGFBQ09DA,牛埔段,116.41,都市：其他:住宅區,1,1,全筆移轉,08590000
RPOOMLOJPHIGFCQ09DA,坪頂段,4768.01,非都市：特定農業區 ; 非都市編定：農牧用地,1,1,全筆移轉,00380000
RPOOMLOJPHIGFCQ09DA,坪頂段,2560.00,非都市：特定農業區 ; 非都市編定：農牧用地,1,1,全筆移轉,00380001
RPOOMLOJPHIGFCQ09DA,坪頂段,5080.00,非都市：特定農業區 ; 非都市編定：農牧用地,1,1,全筆移轉,00390000
RPOOMLOJPHIGFCQ09DA,坪頂段,3106.11,非都市：特定農業區 ; 非都市編定：農牧用地,1,1,全筆移轉,00390001
RPQNMLLLPHIGFEQ66DA,內甕段,1246.00,非都市：山坡地保育區 ; 非都市編定：丙種建築用地,1,1,全筆移轉,02660021
RPQNMLLLPHIGFEQ66DA,內甕段,85.00,非都市：山坡地保育區 ; 非都市編定：丙種建築用地,2,1,持分移轉,02660022
RPUNMLRJOHIGFCQ17DA,五穀王段,159.31,都市：其他:住,1,1,全筆移轉,03760019
RPPNMLTJOHIGFCQ96EA,五穀王段,159.38,都市：其他:住,1,1,全筆移轉,03760020
RPWNMLRJOHIGFCQ37DA,五穀王段,115.34,都市：其他:住,1,1,全筆移轉,03760022
RPOOMLRJOHIGFCQ66DA,五穀王段,159.64,都市：其他:住,1,1,全筆移轉,03760024
RPVNMLRJOHIGFCQ27DA,五穀王段,159.46,都市：其他:住,1,1,全筆移轉,03760021
RPXNMLRJOHIGFCQ47DA,五穀王段,115.38,都市：其他:住,1,1,全筆移轉,03760023
RPQOMLRJOHIGFCQ86DA,五穀王段,159.79,都市：其他:住,1,1,全筆移轉,03760026
RPPOMLRJOHIGFCQ76DA,五穀王段,159.71,都市：其他:住,1,1,全筆移轉,03760025
RPQNMLMKOHIGFDQ09DA,光興段,1334.00,都市：其他:農業區,1,1,全筆移轉,00670000
RPQNMLMKOHIGFDQ09DA,光興段,6990.74,都市：其他:農業區,1,1,全筆移轉,00800000
RPTNMLRJPHIGFDQ27DA,龍潭段,8.63,都市：其他:住宅區,1,1,全筆移轉,08010000
RPTNMLRJPHIGFDQ27DA,龍潭段,159.50,都市：其他:住宅區,1,1,全筆移轉,08030000
RPTNMLRJPHIGFDQ27DA,龍潭段,159.50,都市：其他:住宅區,1,1,全筆移轉,08030001
RPTNMLRJPHIGFDQ27DA,龍潭段,122.76,都市：其他:住宅區,1,1,全筆移轉,08030002
RPTNMLRJPHIGFDQ27DA,龍潭段,164.42,都市：其他:住宅區,1,1,全筆移轉,08030003
RPTNMLRJPHIGFDQ27DA,龍潭段,164.43,都市：其他:住宅區,1,1,全筆移轉,08030004
RPTNMLRJPHIGFDQ27DA,龍潭段,165.88,,1,1,全筆移轉,08040000
RPXNMLLKPHIGFDQ17DA,龍潭段,48.33,,10000,407,持分移轉,14430000
RPXNMLRKPHIGFCQ67DA,大崎段,83.84,非都市：一般農業區 ; 非都市編定：農牧用地,1,1,全筆移轉,00310000
SPXNMLLKPHIGFDQ27DA,龍潭段,33.83,,36,1,持分移轉,14500000
RPUNMLKLOHIGFDQ76DA,和雲段,140.16,非都市：鄉村區 ; 非都市編定：乙種建築用地,1,1,全筆移轉,04010008
RPUNMLKLOHIGFDQ76DA,和雲段,43.34,非都市：鄉村區 ; 非都市編定：乙種建築用地,54,2,持分移轉,04010029
RPTNMLPJOHIGFBQ76DA,牛埔段,86.96,都市：其他:住宅區,1,1,全筆移轉,08590003
RPQPMLPLPHIGFBQ96DA,嘉朴段,5.82,都市：其他:住宅區,32620,582,持分移轉,02810135
RPQPMLPLPHIGFBQ96DA,嘉朴段,335.50,都市：其他:住宅區,1,1,全筆移轉,02810144
RPTNMLPJOHIGFBQ76DA,牛埔段,57.00,都市：其他:住宅區,5,1,持分移轉,08590004
RPQPMLPLPHIGFBQ96DA,嘉朴段,6.10,都市：其他:住宅區,34270,610,持分移轉,02810145
RPQPMLPLPHIGFBQ96DA,嘉朴段,6.63,都市：其他:住宅區,37205,663,持分移轉,02810151
RPQPMLPLPHIGFBQ96DA,嘉朴段,.87,都市：其他:住宅區,4893,87,持分移轉,02810159
RPQPMLPLPHIGFBQ96DA,嘉朴段,.87,都市：其他:住宅區,4893,87,持分移轉,02810160
RPQPMLPLPHIGFBQ96DA,嘉朴段,.87,都市：其他:住宅區,4893,87,持分移轉,02810161
RPQPMLPLPHIGFBQ96DA,嘉朴段,.03,都市：其他:住宅區,207,3,持分移轉,02810162
RPQPMLPLPHIGFBQ96DA,嘉朴段,.03,都市：其他:住宅區,205,3,持分移轉,02810163
RPQPMLPLPHIGFBQ96DA,嘉朴段,19.24,都市：其他:住宅區,1,1,全筆移轉,02810175
RPQPMLPLPHIGFBQ96DA,嘉朴段,30.00,都市：其他:住宅區,25692,3000,持分移轉,02810176
RPQPMLPLPHIGFBQ96DA,嘉朴段,6.38,都市：其他:住宅區,35760,638,持分移轉,02810183
RPTOMLTLOHIGFDQ67DA,水東段,90.33,,1,1,全筆移轉,00150010
RPTNMLLKPHIGFBQ56DA,大葛段,219.74,非都市：鄉村區 ; 非都市編定：乙種建築用地,1,1,全筆移轉,01630000
RPPNMLKMOHIGFBQ78DA,和順段,4172.72,非都市：一般農業區 ; 非都市編定：農牧用地,1,1,全筆移轉,17100000
RPPNMLNKOHIGFDQ09DA,水東段,93.76,都市：其他:農業區,1,1,全筆移轉,00150000
RPRPMLRKOHIGFCQ17DA,民農段,126.83,都市：其他:住,1,1,全筆移轉,05770006
SPSNMLRJOHIGFEQ37EA,灣北段,1237.54,非都市：一般農業區 ; 非都市編定：水利用地,2,1,持分移轉,04230000
SPSNMLRJOHIGFEQ37EA,灣北段,109.95,非都市：河川區 ; 非都市編定：水利用地,1,1,全筆移轉,06050000
SPSNMLRJOHIGFEQ37EA,灣北段,49.46,非都市：河川區 ; 非都市編定：水利用地,1,1,全筆移轉,06060001
SPSNMLRJOHIGFEQ37EA,灣北段,386.09,非都市：一般農業區 ; 非都市編定：交通用地,1,1,全筆移轉,06080000
SPSNMLRJOHIGFEQ37EA,灣北段,96.83,非都市：一般農業區 ; 非都市編定：交通用地,1,1,全筆移轉,06090000
SPSNMLRJOHIGFEQ37EA,灣北段,454.78,非都市：一般農業區 ; 非都市編定：交通用地,1,1,全筆移轉,06100000
SPSNMLRJOHIGFEQ37EA,灣北段,777.17,非都市：河川區 ; 非都市編定：水利用地,1,1,全筆移轉,06120000
SPSNMLRJOHIGFEQ37EA,灣北段,134.48,非都市：一般農業區 ; 非都市編定：交通用地,1,1,全筆移轉,06270000
SPSNMLRJOHIGFEQ37EA,灣北段,869.28,非都市：河川區 ; 非都市編定：水利用地,1,1,全筆移轉,06480000
SPSNMLRJOHIGFEQ37EA,灣北段,1103.14,非都市：河川區 ; 非都市編定：水利用地,1,1,全筆移轉,06490000
SPSNMLRJOHIGFEQ37EA,灣北段,1761.24,非都市：河川區 ; 非都市編定：水利用地,1,1,全筆移轉,06540000
SPSNMLRJOHIGFEQ37EA,灣北段,591.50,非都市：河川區 ; 非都市編定：水利用地,1,1,全筆移轉,06650000
SPSNMLRJOHIGFEQ37EA,灣北段,393.08,非都市：河川區 ; 非都市編定：水利用地,1,1,全筆移轉,06660000
SPSNMLRJOHIGFEQ37EA,灣北段,204.80,非都市：河川區 ; 非都市編定：水利用地,1,1,全筆移轉,06670000
SPSNMLRJOHIGFEQ37EA,灣北段,1537.03,非都市：河川區 ; 非都市編定：水利用地,1,1,全筆移轉,06680000
SPSNMLRJOHIGFEQ37EA,灣北段,1884.96,非都市：河川區 ; 非都市編定：水利用地,1,1,全筆移轉,06750000
SPSNMLRJOHIGFEQ37EA,灣北段,81.89,非都市：河川區 ; 非都市編定：水利用地,1,1,全筆移轉,06760001
SPSNMLRJOHIGFEQ37EA,灣北段,580.61,非都市：河川區 ; 非都市編定：水利用地,1,1,全筆移轉,06780000
RPWNMLPLPHIGFBQ37DA,內厝段,109.25,都市：其他:住宅區,1,1,全筆移轉,10230005
RPQNMLRLPHIGFDQ17DA,鹿北段,464.37,都市：其他:住宅區,1,1,全筆移轉,12550000
RPQNMLRLPHIGFDQ17DA,鹿北段,105.65,都市：其他:道路用地,1,1,全筆移轉,12560000
RPSNMLRJOHIGFEQ27EA,灣北段,675.99,非都市：一般農業區 ; 非都市編定：農牧用地,1,1,全筆移轉,06030000
RPSNMLRJOHIGFEQ27EA,灣北段,5.24,非都市：一般農業區 ; 非都市編定：農牧用地,1,1,全筆移轉,06050001
RPSNMLRJOHIGFEQ27EA,灣北段,449.39,非都市：一般農業區 ; 非都市編定：農牧用地,1,1,全筆移轉,06060000
RPSNMLRJOHIGFEQ27EA,灣北段,379.93,非都市：一般農業區 ; 非都市編定：農牧用地,1,1,全筆移轉,06070000
RPSNMLRJOHIGFEQ27EA,灣北段,505.82,非都市：一般農業區 ; 非都市編定：農牧用地,1,1,全筆移轉,06120001
RPSNMLRJOHIGFEQ27EA,灣北段,1656.42,非都市：一般農業區 ; 非都市編定：農牧用地,1,1,全筆移轉,06130000
RPSNMLRJOHIGFEQ27EA,灣北段,2098.77,非都市：一般農業區 ; 非都市編定：農牧用地,1,1,全筆移轉,06170000
RPSNMLRJOHIGFEQ27EA,灣北段,143.04,非都市：一般農業區 ; 非都市編定：農牧用地,1,1,全筆移轉,06540001
RPSNMLRJOHIGFEQ27EA,灣北段,101.10,非都市：一般農業區 ; 非都市編定：農牧用地,1,1,全筆移轉,06650001
RPSNMLRJOHIGFEQ27EA,灣北段,108.47,非都市：一般農業區 ; 非都市編定：農牧用地,1,1,全筆移轉,06680001
RPSNMLRJOHIGFEQ27EA,灣北段,227.74,非都市：一般農業區 ; 非都市編定：農牧用地,1,1,全筆移轉,06750001
RPSNMLRJOHIGFEQ27EA,灣北段,2695.84,非都市：一般農業區 ; 非都市編定：農牧用地,1,1,全筆移轉,06760000
RPSNMLRJOHIGFEQ27EA,灣北段,83.79,非都市：一般農業區 ; 非都市編定：農牧用地,1,1,全筆移轉,06780001
RPSNMLRJOHIGFEQ27EA,灣北段,543.69,非都市：一般農業區 ; 非都市編定：農牧用地,1,1,全筆移轉,06790000
RPSNMLRJOHIGFEQ27EA,灣北段,442.79,非都市：一般農業區 ; 非都市編定：農牧用地,1,1,全筆移轉,06810000
RPSNMLRJOHIGFEQ27EA,灣北段,1297.21,非都市：一般農業區 ; 非都市編定：農牧用地,1,1,全筆移轉,06820000
RPSNMLRJOHIGFEQ27EA,灣北段,759.38,非都市：一般農業區 ; 非都市編定：農牧用地,1,1,全筆移轉,06830000
RPSNMLRJOHIGFEQ27EA,灣北段,2073.68,非都市：一般農業區 ; 非都市編定：農牧用地,1,1,全筆移轉,06850000
RPPNMLMJOHIGFCQ78DA,疊溪段,31.20,非都市：鄉村區 ; 非都市編定：乙種建築用地,10000,410,持分移轉,05940000
RPQNMLSKQHIGFDQ27DA,東新段,95.24,,1,1,全筆移轉,01700003
RPPOMLSKQHIGFDQ27DA,東新段,90.00,,1,1,全筆移轉,01700021
RPPOMLSKQHIGFDQ27DA,東新段,19.75,,19,1,持分移轉,01700022
RPUNMLSKQHIGFDQ67DA,東新段,109.57,,1,1,全筆移轉,01700007
RPPPMLRKOHIGFCQ96DA,民農段,107.23,都市：其他:住,1,1,全筆移轉,05770004
RPPOMLNJPHIGFBQ98DA,吳竹子腳段德家小段,1369.13,非都市：鄉村區 ; 非都市編定：乙種建築用地,1,1,全筆移轉,07570002
RPPOMLNJPHIGFBQ98DA,吳竹子腳段德家小段,109.87,非都市：鄉村區 ; 非都市編定：乙種建築用地,4,1,持分移轉,07570004
RPTNMLNJQHIGFDQ96DA,新大崙段,33.40,非都市：鄉村區 ; 非都市編定：乙種建築用地,400,13,持分移轉,03390000
RPTNMLNJQHIGFDQ96DA,新大崙段,103.91,非都市：鄉村區 ; 非都市編定：乙種建築用地,1,1,全筆移轉,03390028
RPTNMLNJQHIGFDQ96DA,新大崙段,5.52,非都市：鄉村區 ; 非都市編定：乙種建築用地,7,1,持分移轉,03390029
RPVNMLNJQHIGFDQ17DA,新大崙段,43.68,非都市：鄉村區 ; 非都市編定：乙種建築用地,400,17,持分移轉,03390000
RPTNMLPJRHIGFBQ07DA,牛埔段,161.01,,1,1,全筆移轉,06790013
RPVNMLNJQHIGFDQ17DA,新大崙段,133.72,非都市：鄉村區 ; 非都市編定：乙種建築用地,1,1,全筆移轉,03390023
RPVNMLNJQHIGFDQ17DA,新大崙段,5.52,非都市：鄉村區 ; 非都市編定：乙種建築用地,7,1,持分移轉,03390029
RPTNMLPJRHIGFBQ07DA,牛埔段,67.97,都市：其他:住宅區,1,1,全筆移轉,06790017
RPSNMLQJJHIGFDQ09DA,新埤段新埤小段,3386.00,非都市：特定農業區 ; 非都市編定：農牧用地,1,1,全筆移轉,03720000
RPTNMLSJNHIGFCQ07DA,潭底段潭底小段,25.80,都市：其他:住,100000,681,持分移轉,00610000
RPQOMLLKPHIGFDQ56DA,中興段,113.44,都市：其他:住宅區,1,1,全筆移轉,07260000
RPPOMLKKQHIGFDQ09DA,牛稠埔段,1158.00,非都市：一般農業區 ; 非都市編定：甲種建築用地,1,1,全筆移轉,01030000
RPSNMLSKQHIGFDQ47DA,東新段,102.20,,1,1,全筆移轉,01700005
RPSOMLSKQHIGFDQ57DA,東新段,90.00,,1,1,全筆移轉,01700018
RPSOMLSKQHIGFDQ57DA,東新段,19.75,,19,1,持分移轉,01700022
RPVOMLPLPHIGFBQ37DA,內厝段,84.74,都市：其他:住宅區,1,1,全筆移轉,10230019
RPVOMLPLPHIGFBQ37DA,內厝段,32.38,都市：其他:住宅區,4,1,持分移轉,10230020
RPPOMLLKJIHGFDQ48DA,南靖段南和小段,161.00,非都市：鄉村區 ; 非都市編定：乙種建築用地,1,1,全筆移轉,02700005
RPPOMLLKJIHGFDQ48DA,南靖段南和小段,21.00,非都市：鄉村區 ; 非都市編定：交通用地,1,1,全筆移轉,02700007
RPOOMLLKJIHGFDQ38DA,南靖段南和小段,211.00,非都市：鄉村區 ; 非都市編定：乙種建築用地,1,1,全筆移轉,02700001
RPOOMLLKJIHGFDQ38DA,南靖段南和小段,8.00,非都市：鄉村區 ; 非都市編定：交通用地,1,1,全筆移轉,02700002
RPQOMLLKJIHGFDQ58DA,南靖段南和小段,161.00,非都市：鄉村區 ; 非都市編定：乙種建築用地,1,1,全筆移轉,02700004
RPQOMLLKJIHGFDQ58DA,南靖段南和小段,11.00,非都市：鄉村區 ; 非都市編定：交通用地,1,1,全筆移轉,02700006
RPQNMLKMPHIGFDQ56DA,新大崙段,43.68,非都市：鄉村區 ; 非都市編定：乙種建築用地,800,34,持分移轉,03390000
RPQNMLKMPHIGFDQ56DA,新大崙段,135.53,非都市：鄉村區 ; 非都市編定：乙種建築用地,1,1,全筆移轉,03390003
RPQNMLKMPHIGFDQ56DA,新大崙段,5.52,非都市：鄉村區 ; 非都市編定：乙種建築用地,14,2,持分移轉,03390029
RPUOMLQKQHIGFDQ57DA,新大崙段,33.40,非都市：鄉村區 ; 非都市編定：乙種建築用地,800,26,持分移轉,03390000
RPUOMLQKQHIGFDQ57DA,新大崙段,105.28,非都市：鄉村區 ; 非都市編定：乙種建築用地,1,1,全筆移轉,03390026
RPUOMLQKQHIGFDQ57DA,新大崙段,5.52,非都市：鄉村區 ; 非都市編定：乙種建築用地,14,2,持分移轉,03390029
RPRNMLSKQHIGFDQ37DA,東新段,98.11,,1,1,全筆移轉,01700004
RPROMLSKQHIGFDQ47DA,東新段,90.00,,1,1,全筆移轉,01700019
RPROMLSKQHIGFDQ47DA,東新段,19.75,,38,2,持分移轉,01700022
RPVOMLSKQHIGFDQ87DA,東新段,95.17,,1,1,全筆移轉,01700014
RPVOMLSKQHIGFDQ87DA,東新段,19.75,,38,2,持分移轉,01700022
RPUOMLSKQHIGFDQ77DA,東新段,126.90,,1,1,全筆移轉,01700013
RPUOMLSKQHIGFDQ77DA,東新段,19.75,,38,2,持分移轉,01700022
RPUOMLSKQHIGFDQ77DA,東新段,1.35,,1,1,全筆移轉,01700023
RPXNMLRLPHIGFDQ87DA,新大崙段,38.54,非都市：鄉村區 ; 非都市編定：乙種建築用地,400,15,持分移轉,03390000
RPPOMLSLOHIGFDQ17DA,龍潭段,29.21,,10000,246,持分移轉,14430000
RPXNMLRLPHIGFDQ87DA,新大崙段,3.19,非都市：鄉村區 ; 非都市編定：乙種建築用地,1,1,全筆移轉,03390033
RPXNMLRLPHIGFDQ87DA,新大崙段,115.94,非都市：鄉村區 ; 非都市編定：乙種建築用地,1,1,全筆移轉,03390034
RPXNMLRLPHIGFDQ87DA,新大崙段,8.51,非都市：鄉村區 ; 非都市編定：乙種建築用地,2,1,持分移轉,03390035
RPWNMLRLPHIGFDQ77DA,新大崙段,82.21,非都市：鄉村區 ; 非都市編定：乙種建築用地,400,32,持分移轉,03390000
SPPOMLSLOHIGFDQ27DA,龍潭段,33.83,,36,1,持分移轉,14500000
RPWNMLRLPHIGFDQ77DA,新大崙段,122.50,非都市：鄉村區 ; 非都市編定：乙種建築用地,1,1,全筆移轉,03390031
RPWNMLRLPHIGFDQ77DA,新大崙段,7.92,非都市：鄉村區 ; 非都市編定：乙種建築用地,1,1,全筆移轉,03390032
RPWNMLRLPHIGFDQ77DA,新大崙段,128.51,非都市：鄉村區 ; 非都市編定：乙種建築用地,1,1,全筆移轉,03390038
RPWNMLRLPHIGFDQ77DA,新大崙段,8.53,非都市：鄉村區 ; 非都市編定：乙種建築用地,1,1,全筆移轉,03390039
RPUNMLNJQHIGFDQ07DA,新大崙段,33.40,非都市：鄉村區 ; 非都市編定：乙種建築用地,800,26,持分移轉,03390000
RPUNMLNJQHIGFDQ07DA,新大崙段,104.07,非都市：鄉村區 ; 非都市編定：乙種建築用地,1,1,全筆移轉,03390027
RPOOMLRLPHIGFDQ07DA,新大崙段,84.78,非都市：鄉村區 ; 非都市編定：乙種建築用地,400,33,持分移轉,03390000
RPUNMLNJQHIGFDQ07DA,新大崙段,5.52,非都市：鄉村區 ; 非都市編定：乙種建築用地,14,2,持分移轉,03390029
RPOOMLRLPHIGFDQ07DA,新大崙段,31.80,非都市：鄉村區 ; 非都市編定：乙種建築用地,1,1,全筆移轉,03390018
RPOOMLRLPHIGFDQ07DA,新大崙段,34.97,非都市：鄉村區 ; 非都市編定：乙種建築用地,1,1,全筆移轉,03390019
RPOOMLRLPHIGFDQ07DA,新大崙段,35.62,非都市：鄉村區 ; 非都市編定：乙種建築用地,1,1,全筆移轉,03390020
RPOOMLRLPHIGFDQ07DA,新大崙段,159.65,非都市：鄉村區 ; 非都市編定：乙種建築用地,1,1,全筆移轉,03390021
RPOOMLRLPHIGFDQ07DA,新大崙段,8.51,非都市：鄉村區 ; 非都市編定：乙種建築用地,2,1,持分移轉,03390035
RPOOMLRLPHIGFDQ07DA,新大崙段,5.95,非都市：鄉村區 ; 非都市編定：乙種建築用地,1,1,全筆移轉,03390036
RPPOMLRLPHIGFDQ17DA,新大崙段,61.66,非都市：鄉村區 ; 非都市編定：乙種建築用地,400,24,持分移轉,03390000
RPPOMLRLPHIGFDQ17DA,新大崙段,189.41,非都市：鄉村區 ; 非都市編定：乙種建築用地,1,1,全筆移轉,03390024
RPPOMLRLPHIGFDQ17DA,新大崙段,5.52,非都市：鄉村區 ; 非都市編定：乙種建築用地,7,1,持分移轉,03390029
RPTNMLSJQHIGFDQ47DA,新大崙段,71.94,非都市：鄉村區 ; 非都市編定：乙種建築用地,400,28,持分移轉,03390000
RPTNMLSJQHIGFDQ47DA,新大崙段,214.40,非都市：鄉村區 ; 非都市編定：乙種建築用地,1,1,全筆移轉,03390017
RPTNMLSJQHIGFDQ47DA,新大崙段,2.98,非都市：鄉村區 ; 非都市編定：乙種建築用地,1,1,全筆移轉,03390037
RPUNMLSJQHIGFDQ57DA,新大崙段,35.97,非都市：鄉村區 ; 非都市編定：乙種建築用地,400,14,持分移轉,03390000
RPUNMLSJQHIGFDQ57DA,新大崙段,112.79,非都市：鄉村區 ; 非都市編定：乙種建築用地,1,1,全筆移轉,03390025
RPUNMLSJQHIGFDQ57DA,新大崙段,5.52,非都市：鄉村區 ; 非都市編定：乙種建築用地,7,1,持分移轉,03390029
RPUNMLPJOHIGFBQ86DA,牛埔段,57.00,都市：其他:住宅區,5,1,持分移轉,08590004
RPUNMLPJOHIGFBQ86DA,牛埔段,94.34,都市：其他:住宅區,1,1,全筆移轉,08590005
RPWNMLPJOHIGFBQ07DA,牛埔段,57.00,都市：其他:住宅區,5,1,持分移轉,08590004
RPWNMLPJOHIGFBQ07DA,牛埔段,142.02,都市：其他:住宅區,1,1,全筆移轉,08590007
RPPNMLSKQHIGFDQ17DA,東新段,121.90,,1,1,全筆移轉,01700002
RPTNMLPLPHIGFBQ07DA,內厝段,107.35,都市：其他:住宅區,1,1,全筆移轉,10230002
RPUOMLPLPHIGFBQ27DA,內厝段,103.61,都市：其他:住宅區,1,1,全筆移轉,10230018
RPUOMLPLPHIGFBQ27DA,內厝段,32.38,都市：其他:住宅區,4,1,持分移轉,10230020
RPTOMLOJOHIGFDQ96DA,東新段,22.63,,17,1,持分移轉,01700049
RPTOMLOJOHIGFDQ96DA,東新段,114.20,,1,1,全筆移轉,01700050
RPOOMLKLOHIGFDQ88DA,粗溪段粗溪小段,95.00,都市：其他:住宅區,1,1,全筆移轉,02570005
RPUNMLPLOHIGFDQ27DA,過溝段過溝小段,38.33,,6,1,持分移轉,10570000
RPUNMLPLOHIGFDQ27DA,過溝段過溝小段,86.00,,1,1,全筆移轉,10570024
RPUNMLPLOHIGFDQ27DA,過溝段過溝小段,1.00,,1,1,全筆移轉,10570025
RPVNMLMKPHIGFDQ07DA,過溝段過溝小段,90.54,,1,1,全筆移轉,10570040
RPVNMLMKPHIGFDQ07DA,過溝段過溝小段,5.17,,1,1,全筆移轉,11340047
RPSNMLPLPHIGFBQ96DA,內厝段,107.35,都市：其他:住宅區,1,1,全筆移轉,10230001
RPTNMLSKQHIGFDQ57DA,東新段,105.64,,1,1,全筆移轉,01700006
RPOOMLSKQHIGFDQ17DA,東新段,97.76,,1,1,全筆移轉,01700011
RPQOMLSKQHIGFDQ37DA,東新段,90.00,,1,1,全筆移轉,01700020
RPQOMLSKQHIGFDQ37DA,東新段,19.75,,38,2,持分移轉,01700022
RPSNMLPJOHIGFBQ66DA,牛埔段,100.56,都市：其他:住宅區,1,1,全筆移轉,08590002
RPVNMLPJOHIGFBQ96DA,牛埔段,57.00,都市：其他:住宅區,5,1,持分移轉,08590004
RPSNMLPJOHIGFBQ66DA,牛埔段,57.00,都市：其他:住宅區,5,1,持分移轉,08590004
RPVNMLPJOHIGFBQ96DA,牛埔段,106.79,都市：其他:住宅區,1,1,全筆移轉,08590006
RPUNMLPLPHIGFBQ17DA,內厝段,107.35,都市：其他:住宅區,1,1,全筆移轉,10230003
RPPPMLSKQHIGFDQ37DA,東新段,104.92,,1,1,全筆移轉,01700015
RPPPMLSKQHIGFDQ37DA,東新段,19.75,,38,2,持分移轉,01700022
RPVNMLSKQHIGFDQ77DA,東新段,113.84,,1,1,全筆移轉,01700008
RPXNMLRJOHIGFDQ57DA,龍潭段,181.28,都市：其他:住宅區,1,1,全筆移轉,05900012
RPXNMLRJOHIGFDQ57DA,龍潭段,25.94,,8,1,持分移轉,05900047
SPXNMLRJOHIGFDQ67DA,龍潭段,6.49,,9,6,持分移轉,05810001
RPQOMLOJOHIGFDQ66DA,東新段,91.65,,1,1,全筆移轉,01700044
RPQOMLOJOHIGFDQ66DA,東新段,22.63,,34,2,持分移轉,01700049
RPXNMLOJOHIGFDQ27DA,東新段,84.60,,1,1,全筆移轉,01700041
RPSNMLOJOHIGFDQ76DA,東新段,19.75,,19,1,持分移轉,01700022
RPXNMLOJOHIGFDQ27DA,東新段,22.63,,17,1,持分移轉,01700049
RPSNMLOJOHIGFDQ76DA,東新段,90.00,,1,1,全筆移轉,01700029
RPTNMLTLOHIGFDQ57DA,安家厝段,106.35,非都市：特定農業區 ; 非都市編定：甲種建築用地,1,1,全筆移轉,16320007
RPRNMLPLPHIGFBQ86DA,內厝段,103.88,都市：其他:住宅區,1,1,全筆移轉,10230000
RPPNMLSJPHIGFDQ96DA,過溝段過溝小段,99.00,,1,1,全筆移轉,10570028
RPPNMLSJPHIGFDQ96DA,過溝段過溝小段,36.30,,1000,66,持分移轉,10570044
RPPNMLSJPHIGFDQ96DA,過溝段過溝小段,1.39,,1000,66,持分移轉,10570045
RPPNMLSJPHIGFDQ96DA,過溝段過溝小段,.40,都市：其他:住宅區,1000,66,持分移轉,11340012
RPVNMLPLPHIGFBQ27DA,內厝段,107.35,都市：其他:住宅區,1,1,全筆移轉,10230004
RPSOMLPLPHIGFBQ07DA,內厝段,84.56,都市：其他:住宅區,1,1,全筆移轉,10230016
RPSOMLPLPHIGFBQ07DA,內厝段,32.38,都市：其他:住宅區,4,1,持分移轉,10230020
RPRNMLTJQHIGFBQ17DA,牛埔段,76.42,都市：其他:農業區(都市計畫發布前為建地目),1,1,全筆移轉,00750007
RPRNMLTJQHIGFBQ17DA,牛埔段,16.87,都市：其他:農業區(都市計畫發布前為建地目),1,1,全筆移轉,00760007
RPVNMLLLQHIGFCQ07DA,新三角段,21.02,非都市：鄉村區 ; 非都市編定：乙種建築用地,32,1,持分移轉,08530000
RPVNMLLLQHIGFCQ07DA,新三角段,100.79,非都市：鄉村區 ; 非都市編定：乙種建築用地,1,1,全筆移轉,08600000
RPTOMLMLQHIGFCQ07DA,新三角段,21.02,非都市：鄉村區 ; 非都市編定：乙種建築用地,32,1,持分移轉,08530000
RPTOMLMLQHIGFCQ07DA,新三角段,100.78,非都市：鄉村區 ; 非都市編定：乙種建築用地,1,1,全筆移轉,08620000
RPQNMLLKOHIGFDQ98DA,安家厝段,167.25,非都市：特定農業區 ; 非都市編定：甲種建築用地,1,1,全筆移轉,16320000
RPRNMLOJOHIGFDQ66DA,東新段,19.75,,19,1,持分移轉,01700022
RPRNMLOJOHIGFDQ66DA,東新段,90.00,,1,1,全筆移轉,01700030
RPUOMLOJOHIGFDQ07DA,東新段,19.75,,19,1,持分移轉,01700022
RPUOMLOJOHIGFDQ07DA,東新段,93.35,,1,1,全筆移轉,01700034
RPVOMLOJOHIGFDQ17DA,東新段,94.45,,1,1,全筆移轉,01700036
RPQNMLOJOHIGFDQ56DA,東新段,19.75,,19,1,持分移轉,01700022
RPQNMLOJOHIGFDQ56DA,東新段,90.00,,1,1,全筆移轉,01700031
RPWNMLOJOHIGFDQ17DA,東新段,84.60,,1,1,全筆移轉,01700040
RPVNMLOJOHIGFDQ07DA,東新段,84.60,,1,1,全筆移轉,01700039
RPVNMLOJOHIGFDQ07DA,東新段,22.63,,17,1,持分移轉,01700049
RPWNMLOJOHIGFDQ17DA,東新段,22.63,,17,1,持分移轉,01700049
RPROMLOJOHIGFDQ76DA,東新段,22.63,,34,2,持分移轉,01700049
RPOOMLOJOHIGFDQ09DA,東新段,84.60,,1,1,全筆移轉,01700042
RPROMLOJOHIGFDQ76DA,東新段,98.79,,1,1,全筆移轉,01700053
RPOOMLOJOHIGFDQ09DA,東新段,22.63,,17,1,持分移轉,01700049
RPPOMLOJOHIGFDQ56DA,東新段,84.60,,1,1,全筆移轉,01700043
RPPOMLOJOHIGFDQ56DA,東新段,22.63,,34,2,持分移轉,01700049
RPSOMLOJOHIGFDQ86DA,東新段,22.63,,34,2,持分移轉,01700049
RPSOMLOJOHIGFDQ86DA,東新段,80.19,,1,1,全筆移轉,01700052
RPQNMLSJQHIGFBQ96DA,牛埔段,80.12,都市：其他:農業區(都市計畫發布前為建地目),1,1,全筆移轉,00750006
RPROMLPLPHIGFBQ96DA,內厝段,101.36,都市：其他:住宅區,1,1,全筆移轉,10230022
RPQNMLSJQHIGFBQ96DA,牛埔段,16.97,都市：其他:農業區(都市計畫發布前為建地目),1,1,全筆移轉,00760006
RPWNMLLLQHIGFCQ17DA,新三角段,21.02,非都市：鄉村區 ; 非都市編定：乙種建築用地,32,1,持分移轉,08530000
RPWNMLLLQHIGFCQ17DA,新三角段,100.79,非都市：鄉村區 ; 非都市編定：乙種建築用地,1,1,全筆移轉,08610000
RPVNMLRJOHIGFDQ37DA,龍潭段,59.37,都市：其他:住宅區,10000,500,持分移轉,14430000
RPSNMLTJQHIGFBQ27DA,牛埔段,75.87,都市：其他:農業區(都市計畫發布前為建地目),1,1,全筆移轉,00750008
RPSNMLTJQHIGFBQ27DA,牛埔段,17.42,都市：其他:農業區(都市計畫發布前為建地目),1,1,全筆移轉,00760008
RPUOMLMLQHIGFCQ17DA,新三角段,21.02,非都市：鄉村區 ; 非都市編定：乙種建築用地,32,1,持分移轉,08530000
RPPOMLRJOHIGFDQ86DA,龍潭段,107.60,,1,1,全筆移轉,05900041
RPUOMLMLQHIGFCQ17DA,新三角段,100.77,非都市：鄉村區 ; 非都市編定：乙種建築用地,1,1,全筆移轉,08630000
RPPOMLRJOHIGFDQ86DA,龍潭段,25.94,,8,1,持分移轉,05900047
RPROMLRJOHIGFDQ07DA,龍潭段,103.01,,1,1,全筆移轉,05900043
RPROMLRJOHIGFDQ07DA,龍潭段,25.94,,8,1,持分移轉,05900047
RPQOMLRJOHIGFDQ96DA,龍潭段,105.30,,1,1,全筆移轉,05900042
RPQOMLRJOHIGFDQ96DA,龍潭段,25.94,,8,1,持分移轉,05900047
RPSOMLRJOHIGFDQ17DA,龍潭段,100.71,,1,1,全筆移轉,05900044
RPSOMLRJOHIGFDQ17DA,龍潭段,25.94,,8,1,持分移轉,05900047
RPQNMLLJPHIGFDQ98DA,過溝段過溝小段,38.33,,6,1,持分移轉,10570000
RPQNMLLJPHIGFDQ98DA,過溝段過溝小段,100.00,,1,1,全筆移轉,10570023
RPXOMLOJOHIGFDQ37DA,東新段,101.80,,1,1,全筆移轉,01700058
RPQOMLPLPHIGFBQ86DA,內厝段,101.88,都市：其他:住宅區,1,1,全筆移轉,10230021
RPXNMLPLPHIGFBQ47DA,內厝段,104.63,都市：其他:住宅區,1,1,全筆移轉,10230014
RPOOMLRJOHIGFDQ76DA,龍潭段,122.24,,1,1,全筆移轉,05900040
RPOOMLRJOHIGFDQ76DA,龍潭段,25.94,,16,2,持分移轉,05900047
RPPOMLPLPHIGFBQ76DA,內厝段,103.68,都市：其他:住宅區,1,1,全筆移轉,10230015
RPTOMLRJOHIGFDQ27DA,龍潭段,98.41,,1,1,全筆移轉,05900045
RPTOMLRJOHIGFDQ27DA,龍潭段,25.94,,8,1,持分移轉,05900047
RPUOMLRJOHIGFDQ37DA,龍潭段,183.84,都市：其他:,1,1,全筆移轉,05900046
RPUOMLRJOHIGFDQ37DA,龍潭段,25.94,都市：其他:,8,1,持分移轉,05900047
SPUOMLRJOHIGFDQ47DA,龍潭段,3.33,都市：其他:住宅區,259026,1000,持分移轉,05900019
RPPNMLTKOHIGFDQ07DA,安家厝段,121.14,非都市：特定農業區 ; 非都市編定：甲種建築用地,1,1,全筆移轉,16020022
RPSNMLTLOHIGFDQ47DA,安家厝段,96.49,非都市：特定農業區 ; 非都市編定：甲種建築用地,1,1,全筆移轉,16320005
RPTNMLQLOHIGFDQ27DA,過溝段過溝小段,99.00,,1,1,全筆移轉,10570026
RPTNMLQLOHIGFDQ27DA,過溝段過溝小段,36.30,,1000,66,持分移轉,10570044
RPTNMLQLOHIGFDQ27DA,過溝段過溝小段,1.39,,1000,66,持分移轉,10570045
RPTNMLQLOHIGFDQ27DA,過溝段過溝小段,.40,都市：其他:住宅區,1000,66,持分移轉,11340012
RPXOMLMLQHIGFCQ47DA,新三角段,21.02,非都市：鄉村區 ; 非都市編定：乙種建築用地,32,1,持分移轉,08530000
RPXOMLMLQHIGFCQ47DA,新三角段,100.79,非都市：鄉村區 ; 非都市編定：乙種建築用地,1,1,全筆移轉,08660000
RPOPMLMLQHIGFCQ66DA,新三角段,21.02,非都市：鄉村區 ; 非都市編定：乙種建築用地,32,1,持分移轉,08530000
RPOPMLMLQHIGFCQ66DA,新三角段,100.78,非都市：鄉村區 ; 非都市編定：乙種建築用地,1,1,全筆移轉,08670000
RPWOMLOJOHIGFDQ27DA,東新段,95.04,,1,1,全筆移轉,01700037
RPWOMLOJOHIGFDQ27DA,東新段,22.63,,34,2,持分移轉,01700049
RPUNMLOJOHIGFDQ96DA,東新段,84.60,,1,1,全筆移轉,01700038
RPPNMLOJOHIGFDQ09DA,東新段,19.75,,19,1,持分移轉,01700022
RPUNMLOJOHIGFDQ96DA,東新段,22.63,,17,1,持分移轉,01700049
RPPNMLOJOHIGFDQ09DA,東新段,90.00,,1,1,全筆移轉,01700032
RPUNMLPJRHIGFBQ17DA,牛埔段,102.56,都市：其他:住宅區,1,1,全筆移轉,06790014
RPSNMLPLOHIGFDQ07DA,過溝段過溝小段,90.00,,1,1,全筆移轉,10570030
RPSNMLPLOHIGFDQ07DA,過溝段過溝小段,36.30,,1000,66,持分移轉,10570044
RPSNMLPLOHIGFDQ07DA,過溝段過溝小段,1.39,,1000,66,持分移轉,10570045
RPSNMLPLOHIGFDQ07DA,過溝段過溝小段,.40,都市：其他:住宅區,1000,66,持分移轉,11340012
RPRNMLPLOHIGFDQ96DA,過溝段過溝小段,102.00,,1,1,全筆移轉,10570027
RPRNMLPLOHIGFDQ96DA,過溝段過溝小段,36.30,,1000,66,持分移轉,10570044
RPRNMLPLOHIGFDQ96DA,過溝段過溝小段,1.39,,1000,66,持分移轉,10570045
RPRNMLPLOHIGFDQ96DA,過溝段過溝小段,.40,都市：其他:住宅區,1000,66,持分移轉,11340012
RPPNMLOKOHIGFCQ09DA,中工段,124.86,非都市：工業區 ; 非都市編定：丁種建築用地,1,1,全筆移轉,00770033
RPTOMLPLPHIGFBQ17DA,內厝段,103.44,都市：其他:住宅區,1,1,全筆移轉,10230017
RPTOMLPLPHIGFBQ17DA,內厝段,32.38,都市：其他:住宅區,4,1,持分移轉,10230020
RPPPMLTLNHIGFDQ27DA,嘉太段,9.37,,33,1,持分移轉,02120028
RPPPMLTLNHIGFDQ27DA,嘉太段,91.00,,1,1,全筆移轉,02120033
RPPPMLTLNHIGFDQ27DA,嘉太段,17.34,,10,1,持分移轉,02120036
RPPPMLTLNHIGFDQ27DA,嘉太段,.53,,10,1,持分移轉,02120037
RPPPMLTLNHIGFDQ27DA,嘉太段,.86,,36,1,持分移轉,05710013
RPUOMLPJOHIGFDQ17DA,東新段,19.75,,19,1,持分移轉,01700022
RPQPMLTLNHIGFDQ37DA,嘉太段,9.37,,33,1,持分移轉,02120028
RPUOMLPJOHIGFDQ17DA,東新段,1.35,,1,1,全筆移轉,01700024
RPUOMLPJOHIGFDQ17DA,東新段,116.32,,1,1,全筆移轉,01700025
RPQPMLTLNHIGFDQ37DA,嘉太段,91.00,,1,1,全筆移轉,02120032
RPQPMLTLNHIGFDQ37DA,嘉太段,17.34,,10,1,持分移轉,02120036
RPQPMLTLNHIGFDQ37DA,嘉太段,.53,,10,1,持分移轉,02120037
RPQPMLTLNHIGFDQ37DA,嘉太段,.86,,36,1,持分移轉,05710013
RPWPMLTLNHIGFDQ97DA,嘉太段,87.50,,1,1,全筆移轉,02120013
RPWPMLTLNHIGFDQ97DA,嘉太段,13.65,,13,1,持分移轉,02120017
RPWPMLTLNHIGFDQ97DA,嘉太段,9.37,,33,1,持分移轉,02120028
RPWPMLTLNHIGFDQ97DA,嘉太段,.60,都市：其他:農業區,13,1,持分移轉,05710000
RPWPMLTLNHIGFDQ97DA,嘉太段,4.40,,13,1,持分移轉,05710001
RPWPMLTLNHIGFDQ97DA,嘉太段,.86,,36,1,持分移轉,05710013
RPROMLPJOHIGFDQ86DA,東新段,19.75,,19,1,持分移轉,01700022
RPROMLPJOHIGFDQ86DA,東新段,87.30,,1,1,全筆移轉,01700028
RPPOMLOKOHIGFDQ66DA,嘉太段,86.83,,1,1,全筆移轉,02120014
RPPOMLOKOHIGFDQ66DA,嘉太段,13.65,,13,1,持分移轉,02120017
RPPOMLOKOHIGFDQ66DA,嘉太段,9.37,,33,1,持分移轉,02120028
RPPOMLOKOHIGFDQ66DA,嘉太段,.60,都市：其他:農業區,13,1,持分移轉,05710000
RPPOMLOKOHIGFDQ66DA,嘉太段,4.40,,13,1,持分移轉,05710001
RPPOMLOKOHIGFDQ66DA,嘉太段,.86,,36,1,持分移轉,05710013
RPTOMLOKOHIGFDQ07DA,嘉太段,.77,,8,1,持分移轉,02120001
RPTQMLRKOHIGFCQ47DA,秀林段,4.62,非都市：鄉村區 ; 非都市編定：乙種建築用地,20000,1172,持分移轉,19630004
RPTQMLRKOHIGFCQ47DA,秀林段,26.90,非都市：鄉村區 ; 非都市編定：乙種建築用地,20000,1172,持分移轉,19630005
RPTQMLRKOHIGFCQ47DA,秀林段,.98,非都市：鄉村區 ; 非都市編定：乙種建築用地,20000,1172,持分移轉,19630006
RPTOMLOKOHIGFDQ07DA,嘉太段,24.27,,8,1,持分移轉,02120005
RPTOMLOKOHIGFDQ07DA,嘉太段,84.90,,1,1,全筆移轉,02120009
RPTOMLOKOHIGFDQ07DA,嘉太段,9.37,,33,1,持分移轉,02120028
RPTOMLOKOHIGFDQ07DA,嘉太段,.86,,36,1,持分移轉,05710013
RPWOMLOKOHIGFDQ37DA,嘉太段,.77,,8,1,持分移轉,02120001
RPWOMLOKOHIGFDQ37DA,嘉太段,24.27,,8,1,持分移轉,02120005
RPWOMLOKOHIGFDQ37DA,嘉太段,81.88,,1,1,全筆移轉,02120007
RPWOMLOKOHIGFDQ37DA,嘉太段,9.37,,33,1,持分移轉,02120028
RPWOMLOKOHIGFDQ37DA,嘉太段,.86,,36,1,持分移轉,05710013
RPTPMLRKOHIGFCQ37DA,民農段,127.70,都市：其他:住,1,1,全筆移轉,05770008
RPRNMLPLOHIGFCQ86DA,民農段,90.29,都市：其他:住,1,1,全筆移轉,06340011
RPWNMLRKPHIGFCQ57DA,大崎腳段,87.00,都市：其他:農,1,1,全筆移轉,02870056
RPQNMLPLOHIGFCQ76DA,民農段,88.66,都市：其他:住,1,1,全筆移轉,06340013
RPQOMLMLQHIGFCQ76DA,新三角段,21.02,非都市：鄉村區 ; 非都市編定：乙種建築用地,32,1,持分移轉,08530000
RPQOMLMLQHIGFCQ76DA,新三角段,100.77,非都市：鄉村區 ; 非都市編定：乙種建築用地,1,1,全筆移轉,08560000
RPROMLMLQHIGFCQ86DA,新三角段,21.02,非都市：鄉村區 ; 非都市編定：乙種建築用地,32,1,持分移轉,08530000
RPROMLMLQHIGFCQ86DA,新三角段,100.77,非都市：鄉村區 ; 非都市編定：乙種建築用地,1,1,全筆移轉,08580000
RPWOMLMLQHIGFCQ37DA,新三角段,21.02,非都市：鄉村區 ; 非都市編定：乙種建築用地,32,1,持分移轉,08530000
RPWOMLMLQHIGFCQ37DA,新三角段,100.79,非都市：鄉村區 ; 非都市編定：乙種建築用地,1,1,全筆移轉,08650000
RPPOMLPJOHIGFDQ66DA,東新段,93.93,,1,1,全筆移轉,01700035
RPOPMLTLNHIGFDQ17DA,嘉太段,9.37,,33,1,持分移轉,02120028
RPOPMLTLNHIGFDQ17DA,嘉太段,17.34,,10,1,持分移轉,02120036
RPOPMLTLNHIGFDQ17DA,嘉太段,.53,,10,1,持分移轉,02120037
RPOPMLTLNHIGFDQ17DA,嘉太段,116.30,,1,1,全筆移轉,02120038
RPOPMLTLNHIGFDQ17DA,嘉太段,.86,,36,1,持分移轉,05710013
RPQQMLTLNHIGFDQ47DA,嘉太段,92.17,,1,1,全筆移轉,05710011
RPQQMLTLNHIGFDQ47DA,嘉太段,.86,,36,1,持分移轉,05710013
RPPNMLPLQHIGFDQ96DA,東新段,16.10,都市：其他:住宅區,1000,35,持分移轉,08350000
RPPNMLPLQHIGFDQ96DA,東新段,79.13,,1,1,全筆移轉,08350001
RPPNMLPLQHIGFDQ96DA,東新段,15.92,,1,1,全筆移轉,08350002
RPQOMLOKOHIGFDQ76DA,嘉太段,.77,,8,1,持分移轉,02120001
RPQOMLOKOHIGFDQ76DA,嘉太段,131.11,,1,1,全筆移轉,02120004
RPQOMLOKOHIGFDQ76DA,嘉太段,24.27,,8,1,持分移轉,02120005
RPQOMLOKOHIGFDQ76DA,嘉太段,9.37,,33,1,持分移轉,02120028
RPQOMLOKOHIGFDQ76DA,嘉太段,.86,,36,1,持分移轉,05710013
RPTOMLPJOHIGFDQ07DA,東新段,19.75,,19,1,持分移轉,01700022
RPTNMLOKOHIGFDQ96DA,嘉太段,9.37,,33,1,持分移轉,02120028
RPTOMLPJOHIGFDQ07DA,東新段,84.16,,1,1,全筆移轉,01700026
RPTNMLOKOHIGFDQ96DA,嘉太段,91.00,,1,1,全筆移轉,02120034
RPTNMLOKOHIGFDQ96DA,嘉太段,17.34,,10,1,持分移轉,02120036
RPTNMLOKOHIGFDQ96DA,嘉太段,.53,,10,1,持分移轉,02120037
RPTNMLOKOHIGFDQ96DA,嘉太段,.86,,36,1,持分移轉,05710013
RPWQMLRKOHIGFCQ77DA,秀林段,4.62,非都市：鄉村區 ; 非都市編定：乙種建築用地,10000,586,持分移轉,19630004
RPWQMLRKOHIGFCQ77DA,秀林段,26.90,非都市：鄉村區 ; 非都市編定：乙種建築用地,10000,586,持分移轉,19630005
RPWQMLRKOHIGFCQ77DA,秀林段,.98,非都市：鄉村區 ; 非都市編定：乙種建築用地,10000,586,持分移轉,19630006
RPOOMLOKOHIGFDQ56DA,嘉太段,87.50,,1,1,全筆移轉,02120012
RPOOMLOKOHIGFDQ56DA,嘉太段,13.65,,13,1,持分移轉,02120017
RPOOMLOKOHIGFDQ56DA,嘉太段,9.37,,33,1,持分移轉,02120028
RPOOMLOKOHIGFDQ56DA,嘉太段,.60,都市：其他:農業區,13,1,持分移轉,05710000
RPOOMLOKOHIGFDQ56DA,嘉太段,4.40,,13,1,持分移轉,05710001
RPOOMLOKOHIGFDQ56DA,嘉太段,.86,,36,1,持分移轉,05710013
RPXNMLQLOHIGFDQ67DA,過溝段過溝小段,90.00,,1,1,全筆移轉,10570031
RPXNMLQLOHIGFDQ67DA,過溝段過溝小段,36.30,,1000,66,持分移轉,10570044
RPXNMLQLOHIGFDQ67DA,過溝段過溝小段,1.39,,1000,66,持分移轉,10570045
RPXNMLQLOHIGFDQ67DA,過溝段過溝小段,.40,都市：其他:住宅區,1000,66,持分移轉,11340012
RPROMLOKOHIGFDQ86DA,嘉太段,.77,,8,1,持分移轉,02120001
RPROMLOKOHIGFDQ86DA,嘉太段,96.45,,1,1,全筆移轉,02120003
RPROMLOKOHIGFDQ86DA,嘉太段,24.27,,8,1,持分移轉,02120005
RPROMLOKOHIGFDQ86DA,嘉太段,9.37,,33,1,持分移轉,02120028
RPROMLOKOHIGFDQ86DA,嘉太段,.86,,36,1,持分移轉,05710013
RPTNMLPLOHIGFCQ07DA,民農段,90.38,都市：其他:住,1,1,全筆移轉,06340008
RPTOMLQLOHIGFCQ27DA,明和段,76.00,,1,1,全筆移轉,06960011
RPTOMLQLOHIGFCQ27DA,明和段,7.00,,1,1,全筆移轉,06960012
RPQNMLSJPHIGFBQ86DA,蘇厝寮段蘇厝小段,94.00,非都市：鄉村區 ; 非都市編定：乙種建築用地,1,1,全筆移轉,01580009
RPTNMLSJPHIGFBQ17DA,蘇厝寮段蘇厝小段,88.00,非都市：鄉村區 ; 非都市編定：乙種建築用地,1,1,全筆移轉,01580014
RPSNMLOKOHIGFCQ76DA,中工段,123.72,非都市：工業區 ; 非都市編定：丁種建築用地,1,1,全筆移轉,00770029
RPTNMLOKOHIGFCQ86DA,中工段,123.72,非都市：工業區 ; 非都市編定：丁種建築用地,1,1,全筆移轉,00770028
RPUNMLOKOHIGFCQ96DA,中工段,123.72,非都市：工業區 ; 非都市編定：丁種建築用地,1,1,全筆移轉,00770027
RPTNMLQKQHIGFDQ37DA,東新段,16.10,都市：其他:住宅區,1000,35,持分移轉,08350000
RPTNMLQKQHIGFDQ37DA,東新段,98.64,,1,1,全筆移轉,08350015
RPTPMLTLNHIGFDQ67DA,嘉太段,13.65,,13,1,持分移轉,02120017
RPTPMLTLNHIGFDQ67DA,嘉太段,94.96,,1,1,全筆移轉,02120024
RPTPMLTLNHIGFDQ67DA,嘉太段,9.37,,33,1,持分移轉,02120028
RPTPMLTLNHIGFDQ67DA,嘉太段,.60,都市：其他:農業區,13,1,持分移轉,05710000
RPTPMLTLNHIGFDQ67DA,嘉太段,4.40,,13,1,持分移轉,05710001
RPTPMLTLNHIGFDQ67DA,嘉太段,.86,,36,1,持分移轉,05710013
RPSOMLPJOHIGFDQ96DA,東新段,19.75,,19,1,持分移轉,01700022
RPSOMLPJOHIGFDQ96DA,東新段,82.50,,1,1,全筆移轉,01700027
RPVPMLTLNHIGFDQ87DA,嘉太段,13.65,,13,1,持分移轉,02120017
RPWNMLPJOHIGFDQ27DA,東新段,77.54,,1,1,全筆移轉,01700046
RPVPMLTLNHIGFDQ87DA,嘉太段,2.55,,1,1,全筆移轉,02120018
RPVPMLTLNHIGFDQ87DA,嘉太段,10.22,,1,1,全筆移轉,02120019
RPVPMLTLNHIGFDQ87DA,嘉太段,9.37,,33,1,持分移轉,02120028
RPVPMLTLNHIGFDQ87DA,嘉太段,.60,都市：其他:農業區,13,1,持分移轉,05710000
RPVPMLTLNHIGFDQ87DA,嘉太段,4.40,,13,1,持分移轉,05710001
RPWNMLPJOHIGFDQ27DA,東新段,22.63,,17,1,持分移轉,01700049
RPVPMLTLNHIGFDQ87DA,嘉太段,4.95,,1,1,全筆移轉,05710002
RPVPMLTLNHIGFDQ87DA,嘉太段,77.23,,1,1,全筆移轉,05710003
RPVPMLTLNHIGFDQ87DA,嘉太段,.86,,36,1,持分移轉,05710013
RPXNMLPJOHIGFDQ37DA,東新段,80.03,,1,1,全筆移轉,01700047
RPXNMLPJOHIGFDQ37DA,東新段,2.37,,1,1,全筆移轉,01700048
RPXNMLPJOHIGFDQ37DA,東新段,22.63,,34,2,持分移轉,01700049
RPSNMLOKOHIGFDQ86DA,嘉太段,9.37,,33,1,持分移轉,02120028
RPSNMLOKOHIGFDQ86DA,嘉太段,17.34,,10,1,持分移轉,02120036
RPSNMLOKOHIGFDQ86DA,嘉太段,.53,,10,1,持分移轉,02120037
RPSNMLOKOHIGFDQ86DA,嘉太段,97.89,,1,1,全筆移轉,02120039
RPSNMLOKOHIGFDQ86DA,嘉太段,.86,,36,1,持分移轉,05710013
RPVNMLOKOHIGFDQ17DA,嘉太段,13.65,,13,1,持分移轉,02120017
RPVNMLOKOHIGFDQ17DA,嘉太段,91.64,,1,1,全筆移轉,02120020
RPVNMLOKOHIGFDQ17DA,嘉太段,1.88,,1,1,全筆移轉,02120021
RPVNMLOKOHIGFDQ17DA,嘉太段,9.37,,33,1,持分移轉,02120028
RPVNMLOKOHIGFDQ17DA,嘉太段,.60,都市：其他:農業區,13,1,持分移轉,05710000
RPVNMLOKOHIGFDQ17DA,嘉太段,4.40,,13,1,持分移轉,05710001
RPVNMLOKOHIGFDQ17DA,嘉太段,1.45,,1,1,全筆移轉,05710004
RPVNMLOKOHIGFDQ17DA,嘉太段,.86,,36,1,持分移轉,05710013
RPUOMLOKOHIGFDQ17DA,嘉太段,.77,,8,1,持分移轉,02120001
RPUOMLOKOHIGFDQ17DA,嘉太段,24.27,,8,1,持分移轉,02120005
RPUOMLOKOHIGFDQ17DA,嘉太段,80.92,,1,1,全筆移轉,02120008
RPUOMLOKOHIGFDQ17DA,嘉太段,9.37,,33,1,持分移轉,02120028
RPUOMLOKOHIGFDQ17DA,嘉太段,.86,,36,1,持分移轉,05710013
RPUNMLOKOHIGFDQ07DA,嘉太段,13.65,,13,1,持分移轉,02120017
RPUNMLOKOHIGFDQ07DA,嘉太段,94.96,,1,1,全筆移轉,02120023
RPUNMLOKOHIGFDQ07DA,嘉太段,9.37,,33,1,持分移轉,02120028
RPUNMLOKOHIGFDQ07DA,嘉太段,.60,都市：其他:農業區,13,1,持分移轉,05710000
RPUNMLOKOHIGFDQ07DA,嘉太段,4.40,,13,1,持分移轉,05710001
RPUNMLOKOHIGFDQ07DA,嘉太段,.86,,36,1,持分移轉,05710013
RPQNMLTKOHIGFDQ17DA,龍潭段,52.49,都市：其他:住宅區,10000,442,持分移轉,14430000
RPSPMLRKOHIGFCQ27DA,民農段,133.67,都市：其他:住,1,1,全筆移轉,05770007
RPVNMLTLOHIGFDQ77DA,仁安段,142.21,非都市：鄉村區 ; 非都市編定：乙種建築用地,1,1,全筆移轉,05070005
RPSOMLQLOHIGFCQ17DA,明和段,75.00,,1,1,全筆移轉,06960015
RPUNMLKMOHIGFDQ86DA,安家厝段,277.86,非都市：特定農業區 ; 非都市編定：甲種建築用地,1,1,全筆移轉,16320008
RPSOMLQLOHIGFCQ17DA,明和段,8.00,,1,1,全筆移轉,06960016
RPQNMLPLOHIGFDQ86DA,過溝段過溝小段,82.46,,1,1,全筆移轉,10570041
RPQNMLPLOHIGFDQ86DA,過溝段過溝小段,3.83,,1,1,全筆移轉,11340046
RPPNMLMJPHIGFDQ98DA,仁安段,81.39,非都市：鄉村區 ; 非都市編定：乙種建築用地,1,1,全筆移轉,05070008
RPRNMLMJPHIGFDQ56DA,仁安段,81.22,非都市：鄉村區 ; 非都市編定：乙種建築用地,1,1,全筆移轉,05070010
RPTNMLMJPHIGFDQ76DA,仁安段,81.13,非都市：鄉村區 ; 非都市編定：乙種建築用地,1,1,全筆移轉,05070011
RPROMLMJPHIGFDQ66DA,仁安段,59.46,非都市：鄉村區 ; 非都市編定：乙種建築用地,3,1,持分移轉,05070000
RPUNMLMJPHIGFDQ86DA,仁安段,82.84,非都市：鄉村區 ; 非都市編定：乙種建築用地,1,1,全筆移轉,05070012
RPROMLMJPHIGFDQ66DA,仁安段,115.05,非都市：鄉村區 ; 非都市編定：乙種建築用地,1,1,全筆移轉,05070015
RPWNMLQJPHIGFDQ47DA,仁安段,81.30,非都市：鄉村區 ; 非都市編定：乙種建築用地,1,1,全筆移轉,05070009
RPRNMLPJPHIGFDQ86DA,仁安段,59.46,非都市：鄉村區 ; 非都市編定：乙種建築用地,3,1,持分移轉,05070000
RPRNMLPJPHIGFDQ86DA,仁安段,81.67,非都市：鄉村區 ; 非都市編定：乙種建築用地,1,1,全筆移轉,05070016
RPOOMLMJPHIGFDQ98DA,仁安段,128.60,非都市：鄉村區 ; 非都市編定：乙種建築用地,1,1,全筆移轉,05070014
RPRNMLOKOHIGFCQ66DA,中工段,123.72,非都市：工業區 ; 非都市編定：丁種建築用地,1,1,全筆移轉,00770031
RPPOMLMJQHIGFCQ09DA,明和段,62.00,都市：其他:住,1,1,全筆移轉,06960000
RPPOMLMJQHIGFCQ09DA,明和段,6.00,,1,1,全筆移轉,06960002
RPQOMLQKQHIGFDQ17DA,東新段,16.10,都市：其他:住宅區,1000,35,持分移轉,08350000
RPQOMLQKQHIGFDQ17DA,東新段,91.47,,1,1,全筆移轉,08350007
RPTNMLLLQHIGFCQ86DA,新三角段,21.02,非都市：鄉村區 ; 非都市編定：乙種建築用地,32,1,持分移轉,08530000
RPTNMLLLQHIGFCQ86DA,新三角段,100.80,非都市：鄉村區 ; 非都市編定：乙種建築用地,1,1,全筆移轉,08550000
RPRNMLOLQHIGFDQ07DA,嘉太段,13.65,,13,1,持分移轉,02120017
RPRNMLOLQHIGFDQ07DA,嘉太段,94.97,,1,1,全筆移轉,02120025
RPRNMLOLQHIGFDQ07DA,嘉太段,9.37,,33,1,持分移轉,02120028
RPRNMLOLQHIGFDQ07DA,嘉太段,.60,都市：其他:農業區,13,1,持分移轉,05710000
RPRNMLOLQHIGFDQ07DA,嘉太段,4.40,,13,1,持分移轉,05710001
RPRNMLOLQHIGFDQ07DA,嘉太段,.86,,36,1,持分移轉,05710013
RPPPMLMLQHIGFCQ76DA,新三角段,21.02,非都市：鄉村區 ; 非都市編定：乙種建築用地,32,1,持分移轉,08530000
RPQPMLMLQHIGFCQ86DA,新三角段,21.02,非都市：鄉村區 ; 非都市編定：乙種建築用地,32,1,持分移轉,08530000
RPPPMLMLQHIGFCQ76DA,新三角段,102.30,非都市：鄉村區 ; 非都市編定：乙種建築用地,1,1,全筆移轉,08680000
RPQPMLMLQHIGFCQ86DA,新三角段,119.00,非都市：鄉村區 ; 非都市編定：乙種建築用地,1,1,全筆移轉,08690000
RPSNMLOLQHIGFDQ17DA,嘉太段,13.65,,13,1,持分移轉,02120017
RPSNMLOLQHIGFDQ17DA,嘉太段,94.04,,1,1,全筆移轉,02120026
RPSNMLOLQHIGFDQ17DA,嘉太段,3.78,,1,1,全筆移轉,02120027
RPSNMLOLQHIGFDQ17DA,嘉太段,9.37,,33,1,持分移轉,02120028
RPSNMLOLQHIGFDQ17DA,嘉太段,.60,都市：其他:農業區,13,1,持分移轉,05710000
RPSNMLOLQHIGFDQ17DA,嘉太段,4.40,,13,1,持分移轉,05710001
RPSNMLOLQHIGFDQ17DA,嘉太段,.86,,36,1,持分移轉,05710013
RPPOMLMLQHIGFCQ66DA,新三角段,21.02,非都市：鄉村區 ; 非都市編定：乙種建築用地,32,1,持分移轉,08530000
RPPOMLMLQHIGFCQ66DA,新三角段,126.80,非都市：鄉村區 ; 非都市編定：乙種建築用地,1,1,全筆移轉,08540000
RPUPMLTLNHIGFDQ77DA,嘉太段,13.65,,13,1,持分移轉,02120017
RPUNMLLKOHIGFDQ76DA,安家厝段,92.70,非都市：特定農業區 ; 非都市編定：甲種建築用地,1,1,全筆移轉,16320003
RPUPMLTLNHIGFDQ77DA,嘉太段,94.96,,1,1,全筆移轉,02120022
RPUPMLTLNHIGFDQ77DA,嘉太段,9.37,,33,1,持分移轉,02120028
RPUPMLTLNHIGFDQ77DA,嘉太段,.60,都市：其他:農業區,13,1,持分移轉,05710000
RPUPMLTLNHIGFDQ77DA,嘉太段,4.40,,13,1,持分移轉,05710001
RPUPMLTLNHIGFDQ77DA,嘉太段,.86,,36,1,持分移轉,05710013
RPXPMLTLNHIGFDQ08DA,嘉太段,117.82,,1,1,全筆移轉,02120015
RPXPMLTLNHIGFDQ08DA,嘉太段,5.85,,1,1,全筆移轉,02120016
RPXPMLTLNHIGFDQ08DA,嘉太段,13.65,,13,1,持分移轉,02120017
RPXPMLTLNHIGFDQ08DA,嘉太段,9.37,,33,1,持分移轉,02120028
RPXPMLTLNHIGFDQ08DA,嘉太段,.60,都市：其他:農業區,13,1,持分移轉,05710000
RPXPMLTLNHIGFDQ08DA,嘉太段,4.40,,13,1,持分移轉,05710001
RPXPMLTLNHIGFDQ08DA,嘉太段,.86,,36,1,持分移轉,05710013
RPRNMLLKOHIGFDQ09DA,安家厝段,92.70,非都市：特定農業區 ; 非都市編定：甲種建築用地,1,1,全筆移轉,16320002
RPOQMLTLNHIGFDQ27DA,嘉太段,88.90,都市：其他:住宅區,1,1,全筆移轉,02120000
RPOQMLTLNHIGFDQ27DA,嘉太段,.77,,16,2,持分移轉,02120001
RPOQMLTLNHIGFDQ27DA,嘉太段,24.27,,16,2,持分移轉,02120005
RPOQMLTLNHIGFDQ27DA,嘉太段,9.37,,66,2,持分移轉,02120028
RPOQMLTLNHIGFDQ27DA,嘉太段,.86,,72,2,持分移轉,05710013
RPQOMLPJOHIGFDQ76DA,東新段,22.63,,17,1,持分移轉,01700049
RPQOMLPJOHIGFDQ76DA,東新段,95.40,,1,1,全筆移轉,01700054
RPQOMLPJOHIGFDQ76DA,東新段,10.44,,1,1,全筆移轉,01700055
RPXNMLTJOHIGFDQ77DA,東新段,82.06,,1,1,全筆移轉,01700045
RPXNMLTJOHIGFDQ77DA,東新段,22.63,,17,1,持分移轉,01700049
RPRNMLOKOHIGFDQ76DA,嘉太段,9.37,,33,1,持分移轉,02120028
RPRNMLOKOHIGFDQ76DA,嘉太段,17.34,,10,1,持分移轉,02120036
RPRNMLOKOHIGFDQ76DA,嘉太段,.53,,10,1,持分移轉,02120037
RPRNMLOKOHIGFDQ76DA,嘉太段,95.00,,1,1,全筆移轉,02120040
RPRNMLOKOHIGFDQ76DA,嘉太段,.86,,36,1,持分移轉,05710013
RPOOMLPJOHIGFDQ56DA,東新段,22.63,,17,1,持分移轉,01700049
RPOOMLPJOHIGFDQ56DA,東新段,126.25,,1,1,全筆移轉,01700051
RPWNMLOKOHIGFDQ27DA,嘉太段,13.65,,13,1,持分移轉,02120017
RPWNMLOKOHIGFDQ27DA,嘉太段,9.37,,33,1,持分移轉,02120028
RPWNMLOKOHIGFDQ27DA,嘉太段,.60,都市：其他:農業區,13,1,持分移轉,05710000
RPWNMLOKOHIGFDQ27DA,嘉太段,4.40,,13,1,持分移轉,05710001
RPWNMLOKOHIGFDQ27DA,嘉太段,88.57,,1,1,全筆移轉,05710005
RPWNMLOKOHIGFDQ27DA,嘉太段,6.37,,1,1,全筆移轉,05710006
RPWNMLOKOHIGFDQ27DA,嘉太段,.86,,36,1,持分移轉,05710013
RPQNMLRKOHIGFCQ86DA,民農段,95.00,都市：其他:住,1,1,全筆移轉,04980010
RPPNMLRKOHIGFCQ76DA,民農段,130.66,都市：其他:住,1,1,全筆移轉,04980000
RPTNMLRKOHIGFCQ17DA,民農段,92.68,都市：其他:住,1,1,全筆移轉,04980013
RPRNMLRKOHIGFCQ96DA,民農段,93.93,都市：其他:住,1,1,全筆移轉,04980011
RPOOMLRKOHIGFCQ76DA,民農段,85.80,都市：其他:住,1,1,全筆移轉,04980003
RPUQMLRKOHIGFCQ57DA,秀林段,5.10,非都市：鄉村區 ; 非都市編定：乙種建築用地,10000,647,持分移轉,19630004
RPSOMLOKOHIGFDQ96DA,嘉太段,.77,,8,1,持分移轉,02120001
RPUQMLRKOHIGFCQ57DA,秀林段,29.70,非都市：鄉村區 ; 非都市編定：乙種建築用地,10000,647,持分移轉,19630005
RPSOMLOKOHIGFDQ96DA,嘉太段,103.00,,1,1,全筆移轉,02120002
RPSOMLOKOHIGFDQ96DA,嘉太段,24.27,,8,1,持分移轉,02120005
RPSOMLOKOHIGFDQ96DA,嘉太段,9.37,,33,1,持分移轉,02120028
RPSOMLOKOHIGFDQ96DA,嘉太段,.86,,36,1,持分移轉,05710013
RPUQMLRKOHIGFCQ57DA,秀林段,1.08,非都市：鄉村區 ; 非都市編定：乙種建築用地,10000,647,持分移轉,19630006
RPUNMLRKOHIGFCQ27DA,民農段,91.39,都市：其他:住,1,1,全筆移轉,04980014
RPOPMLOKOHIGFDQ66DA,嘉太段,9.37,,33,1,持分移轉,02120028
RPOPMLOKOHIGFDQ66DA,嘉太段,13.04,,2,1,持分移轉,05710007
RPOPMLOKOHIGFDQ66DA,嘉太段,94.94,,1,1,全筆移轉,05710008
RPOPMLOKOHIGFDQ66DA,嘉太段,.86,,36,1,持分移轉,05710013
RPPPMLOKOHIGFDQ76DA,嘉太段,9.37,,33,1,持分移轉,02120028
RPPPMLOKOHIGFDQ76DA,嘉太段,13.04,,2,1,持分移轉,05710007
RPPPMLOKOHIGFDQ76DA,嘉太段,111.00,,1,1,全筆移轉,05710009
RPPPMLOKOHIGFDQ76DA,嘉太段,.86,,36,1,持分移轉,05710013
RPXOMLRKOHIGFCQ67DA,民農段,83.55,都市：其他:住,1,1,全筆移轉,05560000
RPPNMLRJPHIGFCQ76DA,秀林段,4.62,非都市：鄉村區 ; 非都市編定：乙種建築用地,10000,586,持分移轉,19630004
RPPNMLRJPHIGFCQ76DA,秀林段,26.90,非都市：鄉村區 ; 非都市編定：乙種建築用地,10000,586,持分移轉,19630005
RPPNMLRJPHIGFCQ76DA,秀林段,.98,非都市：鄉村區 ; 非都市編定：乙種建築用地,10000,586,持分移轉,19630006
RPPOMLPJPHIGFDQ76DA,過溝段過溝小段,38.33,,6,1,持分移轉,10570000
RPPOMLPJPHIGFDQ76DA,過溝段過溝小段,107.00,,1,1,全筆移轉,10570022
RPPOMLPJPHIGFDQ76DA,過溝段過溝小段,4.40,,1000,8,持分移轉,10570044
RPPOMLPJPHIGFDQ76DA,過溝段過溝小段,.17,,1000,8,持分移轉,10570045
RPPOMLPJPHIGFDQ76DA,過溝段過溝小段,.05,都市：其他:住宅區,1000,8,持分移轉,11340012
RPPOMLMJPHIGFDQ09DA,仁安段,59.46,非都市：鄉村區 ; 非都市編定：乙種建築用地,3,1,持分移轉,05070000
RPPOMLMJPHIGFDQ09DA,仁安段,83.04,非都市：鄉村區 ; 非都市編定：乙種建築用地,1,1,全筆移轉,05070017
RPWNMLMJPHIGFDQ07DA,仁安段,97.14,非都市：鄉村區 ; 非都市編定：乙種建築用地,1,1,全筆移轉,05070018
RPUNMLQKQHIGFDQ47DA,東新段,16.10,都市：其他:住宅區,1000,35,持分移轉,08350000
RPUNMLQKQHIGFDQ47DA,東新段,88.52,,1,1,全筆移轉,08350014
RPQNMLOKOHIGFCQ56DA,中工段,123.72,非都市：工業區 ; 非都市編定：丁種建築用地,1,1,全筆移轉,00770032
RPPOMLTLOHIGFDQ27DA,仁安段,81.47,非都市：鄉村區 ; 非都市編定：乙種建築用地,1,1,全筆移轉,05070007
RPVNMLQKQHIGFDQ57DA,東新段,16.10,都市：其他:住宅區,1000,35,持分移轉,08350000
RPWNMLQKQHIGFDQ67DA,東新段,16.10,都市：其他:住宅區,1000,35,持分移轉,08350000
RPVNMLQKQHIGFDQ57DA,東新段,91.04,,1,1,全筆移轉,08350013
RPWNMLQKQHIGFDQ67DA,東新段,91.48,,1,1,全筆移轉,08350012
RPXNMLQKQHIGFDQ77DA,東新段,16.10,都市：其他:住宅區,1000,35,持分移轉,08350000
RPXNMLQKQHIGFDQ77DA,東新段,91.59,,1,1,全筆移轉,08350010
RPOOMLQKQHIGFDQ96DA,東新段,16.10,都市：其他:住宅區,1000,35,持分移轉,08350000
RPOOMLQKQHIGFDQ96DA,東新段,91.93,,1,1,全筆移轉,08350011
RPROMLQKQHIGFDQ27DA,東新段,16.10,都市：其他:住宅區,1000,35,持分移轉,08350000
RPROMLQKQHIGFDQ27DA,東新段,90.27,,1,1,全筆移轉,08350005
RPROMLQKQHIGFDQ27DA,東新段,1.26,,1,1,全筆移轉,08350006
RPPOMLQKQHIGFDQ07DA,東新段,16.10,都市：其他:住宅區,1000,35,持分移轉,08350000
RPPOMLQKQHIGFDQ07DA,東新段,91.42,,1,1,全筆移轉,08350008
RPXOMLTLNHIGFDQ97DA,嘉太段,9.37,,33,1,持分移轉,02120028
RPXOMLTLNHIGFDQ97DA,嘉太段,17.34,,10,1,持分移轉,02120036
RPXOMLTLNHIGFDQ97DA,嘉太段,.53,,10,1,持分移轉,02120037
RPXOMLTLNHIGFDQ97DA,嘉太段,94.07,,1,1,全筆移轉,02120041
RPXOMLTLNHIGFDQ97DA,嘉太段,3.78,,1,1,全筆移轉,02120042
RPXOMLTLNHIGFDQ97DA,嘉太段,.86,,36,1,持分移轉,05710013
RPOPMLSKQHIGFDQ27DA,東新段,90.00,,1,1,全筆移轉,01700017
RPOPMLSKQHIGFDQ27DA,東新段,19.75,,38,2,持分移轉,01700022
SPWNMLRJOHIGFDQ57DA,龍潭段,33.83,都市：其他:農業區,36,1,持分移轉,14500000
RPWNMLRJOHIGFDQ47DA,龍潭段,41.44,都市：其他:住宅區,10000,349,持分移轉,14430000
RPRPMLTLNHIGFDQ47DA,嘉太段,9.37,,66,2,持分移轉,02120028
RPSNMLRKOHIGFCQ07DA,民農段,92.87,都市：其他:住,1,1,全筆移轉,04980012
RPRPMLTLNHIGFDQ47DA,嘉太段,91.00,,1,1,全筆移轉,02120031
RPRPMLTLNHIGFDQ47DA,嘉太段,17.34,,20,2,持分移轉,02120036
RPRPMLTLNHIGFDQ47DA,嘉太段,.53,,20,2,持分移轉,02120037
RPRPMLTLNHIGFDQ47DA,嘉太段,.86,,72,2,持分移轉,05710013
RPVNMLRKOHIGFCQ37DA,民農段,92.24,都市：其他:住,1,1,全筆移轉,04980015
RPUNMLQLOHIGFDQ37DA,過溝段過溝小段,90.00,,1,1,全筆移轉,10570036
RPUNMLQLOHIGFDQ37DA,過溝段過溝小段,36.30,,1000,66,持分移轉,10570044
RPUNMLQLOHIGFDQ37DA,過溝段過溝小段,1.39,,1000,66,持分移轉,10570045
RPUNMLQLOHIGFDQ37DA,過溝段過溝小段,.40,都市：其他:住宅區,1000,66,持分移轉,11340012
RPXNMLMJPHIGFDQ17DA,過溝段過溝小段,38.33,,6,1,持分移轉,10570000
RPXNMLMJPHIGFDQ17DA,過溝段過溝小段,115.00,,1,1,全筆移轉,10570020
RPXNMLMJPHIGFDQ17DA,過溝段過溝小段,1.00,,1,1,全筆移轉,10570021
RPXNMLPLOHIGFCQ47DA,民農段,91.65,都市：其他:住,1,1,全筆移轉,06340016
RPROMLNJPHIGFDQ76DA,過溝段過溝小段,90.00,,1,1,全筆移轉,10570038
RPROMLNJPHIGFDQ76DA,過溝段過溝小段,36.30,,1000,66,持分移轉,10570044
RPROMLNJPHIGFDQ76DA,過溝段過溝小段,1.39,,1000,66,持分移轉,10570045
RPROMLNJPHIGFDQ76DA,過溝段過溝小段,.40,都市：其他:住宅區,1000,66,持分移轉,11340012
RPXNMLPJPHIGFDQ47DA,過溝段過溝小段,38.33,,6,1,持分移轉,10570000
RPXNMLPJPHIGFDQ47DA,過溝段過溝小段,120.00,都市：其他:住宅區,1,1,全筆移轉,10570002
RPUOMLQLOHIGFCQ37DA,明和段,76.00,,1,1,全筆移轉,06960007
RPXNMLPJPHIGFDQ47DA,過溝段過溝小段,4.40,,1000,8,持分移轉,10570044
RPUOMLQLOHIGFCQ37DA,明和段,7.00,,1,1,全筆移轉,06960008
RPXNMLPJPHIGFDQ47DA,過溝段過溝小段,.17,,1000,8,持分移轉,10570045
RPXNMLPJPHIGFDQ47DA,過溝段過溝小段,.05,都市：其他:住宅區,1000,8,持分移轉,11340012
RPQNMLOLPHIGFEQ96DA,轆子腳段,2410.00,非都市：山坡地保育區 ; 非都市編定：農牧用地,1,1,全筆移轉,01610003
RPQNMLOLPHIGFEQ96DA,轆子腳段,10794.00,非都市：山坡地保育區 ; 非都市編定：農牧用地,1,1,全筆移轉,01610004
RPQNMLOLPHIGFEQ96DA,轆子腳段,3580.00,非都市：山坡地保育區 ; 非都市編定：農牧用地,1,1,全筆移轉,01610014
RPQNMLOLPHIGFEQ96DA,轆子腳段,11374.00,非都市：山坡地保育區 ; 非都市編定：農牧用地,1,1,全筆移轉,01610015
RPWNMLTLOHIGFDQ87DA,仁安段,81.56,非都市：鄉村區 ; 非都市編定：乙種建築用地,1,1,全筆移轉,05070006
RPQNMLOLPHIGFEQ96DA,轆子腳段,114.00,非都市：一般農業區 ; 非都市編定：農牧用地,1,1,全筆移轉,01610016
RPUOMLMJPHIGFDQ96DA,過溝段過溝小段,90.00,,1,1,全筆移轉,10570033
RPQOMLNJPHIGFDQ66DA,過溝段過溝小段,90.00,,1,1,全筆移轉,10570037
RPQOMLNJPHIGFDQ66DA,過溝段過溝小段,36.30,,1000,66,持分移轉,10570044
RPQOMLNJPHIGFDQ66DA,過溝段過溝小段,1.39,,1000,66,持分移轉,10570045
RPQOMLNJPHIGFDQ66DA,過溝段過溝小段,.40,都市：其他:住宅區,1000,66,持分移轉,11340012
RPUOMLMJPHIGFDQ96DA,過溝段過溝小段,36.30,,1000,66,持分移轉,10570044
RPUOMLMJPHIGFDQ96DA,過溝段過溝小段,1.39,,1000,66,持分移轉,10570045
RPUOMLMJPHIGFDQ96DA,過溝段過溝小段,.40,都市：其他:住宅區,1000,66,持分移轉,11340012
RPSOMLQKQHIGFDQ37DA,東新段,16.10,都市：其他:住宅區,1000,35,持分移轉,08350000
RPSOMLQKQHIGFDQ37DA,東新段,91.36,,1,1,全筆移轉,08350009
RPPQMLTLNHIGFDQ37DA,嘉太段,102.08,,1,1,全筆移轉,05710010
RPPQMLTLNHIGFDQ37DA,嘉太段,.86,,36,1,持分移轉,05710013
RPSPMLTLNHIGFDQ57DA,嘉太段,9.37,,66,2,持分移轉,02120028
RPSPMLTLNHIGFDQ57DA,嘉太段,3.78,,1,1,全筆移轉,02120029
RPSPMLTLNHIGFDQ57DA,嘉太段,89.84,,1,1,全筆移轉,02120030
RPSPMLTLNHIGFDQ57DA,嘉太段,17.34,,20,2,持分移轉,02120036
RPSPMLTLNHIGFDQ57DA,嘉太段,.53,,20,2,持分移轉,02120037
RPSPMLTLNHIGFDQ57DA,嘉太段,.86,,72,2,持分移轉,05710013
RPRQMLTLNHIGFDQ57DA,嘉太段,178.57,,1,1,全筆移轉,05710012
RPRQMLTLNHIGFDQ57DA,嘉太段,.86,,36,1,持分移轉,05710013
RPQOMLRKOHIGFCQ96DA,民農段,138.02,都市：其他:住,1,1,全筆移轉,04980005
RPWNMLRKOHIGFCQ47DA,民農段,86.70,都市：其他:住,1,1,全筆移轉,04980001
RPXOMLOKOHIGFDQ47DA,嘉太段,.77,,8,1,持分移轉,02120001
RPPOMLRKOHIGFCQ86DA,民農段,96.94,都市：其他:住,1,1,全筆移轉,04980004
RPXOMLOKOHIGFDQ47DA,嘉太段,24.27,,8,1,持分移轉,02120005
RPXOMLOKOHIGFDQ47DA,嘉太段,94.03,,1,1,全筆移轉,02120006
RPXOMLOKOHIGFDQ47DA,嘉太段,9.37,,33,1,持分移轉,02120028
RPXNMLOKOHIGFDQ37DA,嘉太段,86.34,,1,1,全筆移轉,02120010
RPXOMLOKOHIGFDQ47DA,嘉太段,.86,,36,1,持分移轉,05710013
RPXNMLOKOHIGFDQ37DA,嘉太段,3.78,,1,1,全筆移轉,02120011
RPXNMLOKOHIGFDQ37DA,嘉太段,13.65,,13,1,持分移轉,02120017
RPXNMLOKOHIGFDQ37DA,嘉太段,9.37,,33,1,持分移轉,02120028
RPXNMLOKOHIGFDQ37DA,嘉太段,.60,都市：其他:農業區,13,1,持分移轉,05710000
RPXNMLOKOHIGFDQ37DA,嘉太段,4.40,,13,1,持分移轉,05710001
RPXNMLOKOHIGFDQ37DA,嘉太段,.86,,36,1,持分移轉,05710013
RPSOMLRKOHIGFCQ17DA,民農段,86.70,都市：其他:住,1,1,全筆移轉,04980007
RPSOMLRKOHIGFCQ17DA,民農段,34.80,都市：其他:住,2,1,持分移轉,04980009
RPXNMLRKOHIGFCQ57DA,民農段,85.00,都市：其他:住,1,1,全筆移轉,04980002
RPTOMLRKOHIGFCQ27DA,民農段,151.44,都市：其他:住,1,1,全筆移轉,04980008
RPTOMLRKOHIGFCQ27DA,民農段,34.80,都市：其他:住,2,1,持分移轉,04980009
RPVOMLRKOHIGFCQ47DA,民農段,82.58,都市：其他:住,1,1,全筆移轉,05010002
RPUOMLRKOHIGFCQ37DA,民農段,154.32,都市：其他:住,1,1,全筆移轉,05010000
RPROMLKLOHIGFCQ09DA,豐收段,124.60,非都市：鄉村區 ; 非都市編定：乙種建築用地,1,1,全筆移轉,06740000
RPQPMLRKOHIGFCQ07DA,民農段,116.91,都市：其他:住,1,1,全筆移轉,05770005
RPROMLKLOHIGFCQ09DA,豐收段,.18,非都市：鄉村區 ; 非都市編定：乙種建築用地,25,1,持分移轉,06740010
RPPOMLKLOHIGFCQ88DA,豐收段,30.26,非都市：鄉村區 ; 非都市編定：乙種建築用地,6900,228,持分移轉,06740001
RPXNMLRLOHIGFDQ77DA,過溝段過溝小段,90.00,,1,1,全筆移轉,10570034
RPQNMLRLOHIGFDQ07DA,過溝段過溝小段,86.00,,1,1,全筆移轉,10570042
RPPOMLKLOHIGFCQ88DA,豐收段,.18,非都市：鄉村區 ; 非都市編定：乙種建築用地,25,1,持分移轉,06740010
RPPOMLKLOHIGFCQ88DA,豐收段,105.83,非都市：鄉村區 ; 非都市編定：乙種建築用地,1,1,全筆移轉,06740025
RPXNMLRLOHIGFDQ77DA,過溝段過溝小段,36.30,,1000,66,持分移轉,10570044
RPQNMLRLOHIGFDQ07DA,過溝段過溝小段,4.00,,1,1,全筆移轉,11340045
RPXNMLRLOHIGFDQ77DA,過溝段過溝小段,1.39,,1000,66,持分移轉,10570045
RPXNMLRLOHIGFDQ77DA,過溝段過溝小段,.40,都市：其他:住宅區,1000,66,持分移轉,11340012
RPQOMLTKOHIGFCQ17DA,豐收段,30.26,非都市：鄉村區 ; 非都市編定：乙種建築用地,6900,228,持分移轉,06740001
RPQOMLTKOHIGFCQ17DA,豐收段,.18,非都市：鄉村區 ; 非都市編定：乙種建築用地,25,1,持分移轉,06740010
RPQOMLTKOHIGFCQ17DA,豐收段,107.35,非都市：鄉村區 ; 非都市編定：乙種建築用地,1,1,全筆移轉,06740019
RPPNMLSLOHIGFDQ07DA,過溝段過溝小段,90.00,,1,1,全筆移轉,10570035
RPPNMLSLOHIGFDQ07DA,過溝段過溝小段,36.30,,1000,66,持分移轉,10570044
RPPNMLSLOHIGFDQ07DA,過溝段過溝小段,1.39,,1000,66,持分移轉,10570045
RPPNMLSLOHIGFDQ07DA,過溝段過溝小段,.40,都市：其他:住宅區,1000,66,持分移轉,11340012
RPPNMLPLOHIGFDQ76DA,過溝段過溝小段,38.33,,6,1,持分移轉,10570000
RPPNMLPLOHIGFDQ76DA,過溝段過溝小段,3.00,都市：其他:住宅區,1,1,全筆移轉,10570001
RPPNMLPLOHIGFDQ76DA,過溝段過溝小段,121.00,,1,1,全筆移轉,10570019
RPUNMLPLOHIGFCQ17DA,民農段,91.97,都市：其他:住,1,1,全筆移轉,06340007
RPVNMLPJPHIGFDQ27DA,過溝段過溝小段,87.00,,1,1,全筆移轉,10570043
RPSNMLPLOHIGFCQ96DA,民農段,90.56,都市：其他:住,1,1,全筆移轉,06340009
RPVNMLPJPHIGFDQ27DA,過溝段過溝小段,33.00,,1000,60,持分移轉,10570044
RPVNMLPJPHIGFDQ27DA,過溝段過溝小段,1.26,,1000,60,持分移轉,10570045
RPVNMLPJPHIGFDQ27DA,過溝段過溝小段,.36,都市：其他:住宅區,1000,60,持分移轉,11340012
RPVNMLPJPHIGFDQ27DA,過溝段過溝小段,4.00,,1,1,全筆移轉,11340044
RPXNMLQLOHIGFCQ57DA,明和段,75.00,,1,1,全筆移轉,06960021
RPXNMLQLOHIGFCQ57DA,明和段,9.00,,1,1,全筆移轉,06960022
RPSNMLPJPHIGFCQ86DA,明和段,76.00,,1,1,全筆移轉,06960005
RPQNMLSLOHIGFDQ17DA,過溝段過溝小段,90.00,,1,1,全筆移轉,10570032
RPSNMLPJPHIGFCQ86DA,明和段,6.00,,1,1,全筆移轉,06960006
RPQNMLSLOHIGFDQ17DA,過溝段過溝小段,36.30,,1000,66,持分移轉,10570044
RPQNMLSLOHIGFDQ17DA,過溝段過溝小段,1.39,,1000,66,持分移轉,10570045
RPQNMLSLOHIGFDQ17DA,過溝段過溝小段,.40,都市：其他:住宅區,1000,66,持分移轉,11340012
RPWNMLQLOHIGFCQ47DA,明和段,75.00,,1,1,全筆移轉,06960029
RPWNMLQLOHIGFCQ47DA,明和段,9.00,,1,1,全筆移轉,06960030
RPOOMLQLOHIGFCQ76DA,明和段,75.00,,1,1,全筆移轉,06960019
RPOOMLQLOHIGFCQ76DA,明和段,8.00,,1,1,全筆移轉,06960020
RPPNMLKLPHIGFCQ88DA,明和段,75.00,,1,1,全筆移轉,06960027
RPPNMLKLPHIGFCQ88DA,明和段,9.00,,1,1,全筆移轉,06960028
RPROMLRKOHIGFCQ07DA,民農段,88.89,都市：其他:住,1,1,全筆移轉,04980006
RPRQMLRKOHIGFCQ27DA,秀林段,5.85,非都市：鄉村區 ; 非都市編定：乙種建築用地,10000,742,持分移轉,19630004
RPRQMLRKOHIGFCQ27DA,秀林段,34.07,非都市：鄉村區 ; 非都市編定：乙種建築用地,10000,742,持分移轉,19630005
RPRQMLRKOHIGFCQ27DA,秀林段,1.24,非都市：鄉村區 ; 非都市編定：乙種建築用地,10000,742,持分移轉,19630006
RPPRMLRKOHIGFCQ17DA,秀林段,4.62,非都市：鄉村區 ; 非都市編定：乙種建築用地,10000,586,持分移轉,19630004
RPPRMLRKOHIGFCQ17DA,秀林段,26.90,非都市：鄉村區 ; 非都市編定：乙種建築用地,10000,586,持分移轉,19630005
RPPRMLRKOHIGFCQ17DA,秀林段,.98,非都市：鄉村區 ; 非都市編定：乙種建築用地,10000,586,持分移轉,19630006
RPORMLRKOHIGFCQ07DA,秀林段,5.93,非都市：鄉村區 ; 非都市編定：乙種建築用地,10000,753,持分移轉,19630004
RPORMLRKOHIGFCQ07DA,秀林段,34.57,非都市：鄉村區 ; 非都市編定：乙種建築用地,10000,753,持分移轉,19630005
RPORMLRKOHIGFCQ07DA,秀林段,1.26,非都市：鄉村區 ; 非都市編定：乙種建築用地,10000,753,持分移轉,19630006
RPWOMLRKOHIGFCQ57DA,民農段,87.41,都市：其他:住,1,1,全筆移轉,05010003
RPOPMLRKOHIGFCQ86DA,民農段,114.09,都市：其他:住,1,1,全筆移轉,05770000
RPSRMLRKOHIGFCQ47DA,秀林段,5.40,非都市：鄉村區 ; 非都市編定：乙種建築用地,10000,685,持分移轉,19630004
RPROMLTKOHIGFCQ27DA,豐收段,30.26,非都市：鄉村區 ; 非都市編定：乙種建築用地,6900,228,持分移轉,06740001
RPSRMLRKOHIGFCQ47DA,秀林段,31.45,非都市：鄉村區 ; 非都市編定：乙種建築用地,10000,685,持分移轉,19630005
RPROMLTKOHIGFCQ27DA,豐收段,.18,非都市：鄉村區 ; 非都市編定：乙種建築用地,25,1,持分移轉,06740010
RPROMLTKOHIGFCQ27DA,豐收段,102.34,非都市：鄉村區 ; 非都市編定：乙種建築用地,1,1,全筆移轉,06740018
RPSRMLRKOHIGFCQ47DA,秀林段,1.14,非都市：鄉村區 ; 非都市編定：乙種建築用地,10000,685,持分移轉,19630006
RPTNMLTKOHIGFCQ37DA,豐收段,20.18,非都市：鄉村區 ; 非都市編定：乙種建築用地,6900,152,持分移轉,06740001
RPTNMLTKOHIGFCQ37DA,豐收段,110.17,非都市：鄉村區 ; 非都市編定：乙種建築用地,1,1,全筆移轉,06740009
RPTNMLTKOHIGFCQ37DA,豐收段,.18,非都市：鄉村區 ; 非都市編定：乙種建築用地,25,1,持分移轉,06740010
RPUNMLKLOHIGFCQ66DA,豐收段,60.53,非都市：鄉村區 ; 非都市編定：乙種建築用地,6900,456,持分移轉,06740001
RPUNMLKLOHIGFCQ66DA,豐收段,.36,非都市：鄉村區 ; 非都市編定：乙種建築用地,25,2,持分移轉,06740010
RPUNMLKLOHIGFCQ66DA,豐收段,92.04,非都市：鄉村區 ; 非都市編定：乙種建築用地,1,1,全筆移轉,06740014
RPUNMLKLOHIGFCQ66DA,豐收段,102.50,非都市：鄉村區 ; 非都市編定：乙種建築用地,1,1,全筆移轉,06740015
RPUNMLKLOHIGFCQ66DA,豐收段,16.86,非都市：鄉村區 ; 非都市編定：乙種建築用地,1,1,全筆移轉,06740016
RPQNMLKLOHIGFCQ88DA,豐收段,20.18,非都市：鄉村區 ; 非都市編定：乙種建築用地,6900,152,持分移轉,06740001
RPQNMLKLOHIGFCQ88DA,豐收段,.18,非都市：鄉村區 ; 非都市編定：乙種建築用地,25,1,持分移轉,06740010
RPQNMLKLOHIGFCQ88DA,豐收段,89.85,非都市：鄉村區 ; 非都市編定：乙種建築用地,1,1,全筆移轉,06740017
RPVOMLTKOHIGFCQ67DA,豐收段,30.26,非都市：鄉村區 ; 非都市編定：乙種建築用地,6900,228,持分移轉,06740001
RPVOMLTKOHIGFCQ67DA,豐收段,.18,非都市：鄉村區 ; 非都市編定：乙種建築用地,25,1,持分移轉,06740010
RPVOMLTKOHIGFCQ67DA,豐收段,93.35,非都市：鄉村區 ; 非都市編定：乙種建築用地,1,1,全筆移轉,06740023
RPPOMLTKOHIGFCQ07DA,豐收段,30.26,非都市：鄉村區 ; 非都市編定：乙種建築用地,6900,228,持分移轉,06740001
RPPOMLTKOHIGFCQ07DA,豐收段,.18,非都市：鄉村區 ; 非都市編定：乙種建築用地,25,1,持分移轉,06740010
RPPOMLTKOHIGFCQ07DA,豐收段,88.68,非都市：鄉村區 ; 非都市編定：乙種建築用地,1,1,全筆移轉,06740012
RPSOMLTKOHIGFCQ37DA,豐收段,30.26,非都市：鄉村區 ; 非都市編定：乙種建築用地,6900,228,持分移轉,06740001
RPSOMLTKOHIGFCQ37DA,豐收段,99.53,非都市：鄉村區 ; 非都市編定：乙種建築用地,1,1,全筆移轉,06740006
RPSOMLTKOHIGFCQ37DA,豐收段,.18,非都市：鄉村區 ; 非都市編定：乙種建築用地,25,1,持分移轉,06740010
RPVNMLTKOHIGFCQ57DA,豐收段,30.26,非都市：鄉村區 ; 非都市編定：乙種建築用地,6900,228,持分移轉,06740001
RPWNMLTKOHIGFCQ67DA,豐收段,20.18,非都市：鄉村區 ; 非都市編定：乙種建築用地,6900,152,持分移轉,06740001
RPOOMLTKOHIGFCQ96DA,豐收段,30.26,非都市：鄉村區 ; 非都市編定：乙種建築用地,6900,228,持分移轉,06740001
RPVNMLTKOHIGFCQ57DA,豐收段,.18,非都市：鄉村區 ; 非都市編定：乙種建築用地,25,1,持分移轉,06740010
RPWNMLTKOHIGFCQ67DA,豐收段,89.56,非都市：鄉村區 ; 非都市編定：乙種建築用地,1,1,全筆移轉,06740002
RPVNMLTKOHIGFCQ57DA,豐收段,92.71,非都市：鄉村區 ; 非都市編定：乙種建築用地,1,1,全筆移轉,06740020
RPOOMLTKOHIGFCQ96DA,豐收段,.18,非都市：鄉村區 ; 非都市編定：乙種建築用地,25,1,持分移轉,06740010
RPWNMLTKOHIGFCQ67DA,豐收段,.18,非都市：鄉村區 ; 非都市編定：乙種建築用地,25,1,持分移轉,06740010
RPOOMLTKOHIGFCQ96DA,豐收段,88.15,非都市：鄉村區 ; 非都市編定：乙種建築用地,1,1,全筆移轉,06740011
RPTOMLTKOHIGFCQ47DA,豐收段,30.26,非都市：鄉村區 ; 非都市編定：乙種建築用地,6900,228,持分移轉,06740001
RPTOMLTKOHIGFCQ47DA,豐收段,94.53,非都市：鄉村區 ; 非都市編定：乙種建築用地,1,1,全筆移轉,06740004
RPTOMLTKOHIGFCQ47DA,豐收段,.18,非都市：鄉村區 ; 非都市編定：乙種建築用地,25,1,持分移轉,06740010
RPUOMLTKOHIGFCQ57DA,豐收段,30.26,非都市：鄉村區 ; 非都市編定：乙種建築用地,6900,228,持分移轉,06740001
RPUOMLTKOHIGFCQ57DA,豐收段,.18,非都市：鄉村區 ; 非都市編定：乙種建築用地,25,1,持分移轉,06740010
RPUOMLTKOHIGFCQ57DA,豐收段,92.92,非都市：鄉村區 ; 非都市編定：乙種建築用地,1,1,全筆移轉,06740022
RPRNMLKLOHIGFCQ98DA,豐收段,30.26,非都市：鄉村區 ; 非都市編定：乙種建築用地,6900,228,持分移轉,06740001
RPRNMLKLOHIGFCQ98DA,豐收段,.18,非都市：鄉村區 ; 非都市編定：乙種建築用地,25,1,持分移轉,06740010
RPRNMLKLOHIGFCQ98DA,豐收段,104.60,非都市：鄉村區 ; 非都市編定：乙種建築用地,1,1,全筆移轉,06740027
RPWOMLTKOHIGFCQ77DA,豐收段,30.26,非都市：鄉村區 ; 非都市編定：乙種建築用地,6900,228,持分移轉,06740001
RPWOMLTKOHIGFCQ77DA,豐收段,.18,非都市：鄉村區 ; 非都市編定：乙種建築用地,25,1,持分移轉,06740010
RPWOMLTKOHIGFCQ77DA,豐收段,100.52,非都市：鄉村區 ; 非都市編定：乙種建築用地,1,1,全筆移轉,06740024
RPXOMLTKOHIGFCQ87DA,豐收段,30.26,非都市：鄉村區 ; 非都市編定：乙種建築用地,6900,228,持分移轉,06740001
RPPNMLKLOHIGFCQ78DA,豐收段,30.26,非都市：鄉村區 ; 非都市編定：乙種建築用地,6900,228,持分移轉,06740001
RPXOMLTKOHIGFCQ87DA,豐收段,.18,非都市：鄉村區 ; 非都市編定：乙種建築用地,25,1,持分移轉,06740010
RPXOMLTKOHIGFCQ87DA,豐收段,94.45,非都市：鄉村區 ; 非都市編定：乙種建築用地,1,1,全筆移轉,06740029
RPPNMLKLOHIGFCQ78DA,豐收段,.18,非都市：鄉村區 ; 非都市編定：乙種建築用地,25,1,持分移轉,06740010
RPPNMLKLOHIGFCQ78DA,豐收段,106.88,非都市：鄉村區 ; 非都市編定：乙種建築用地,1,1,全筆移轉,06740026
RPOPMLTKOHIGFCQ07DA,豐收段,30.26,非都市：鄉村區 ; 非都市編定：乙種建築用地,6900,228,持分移轉,06740001
RPOPMLTKOHIGFCQ07DA,豐收段,.18,非都市：鄉村區 ; 非都市編定：乙種建築用地,25,1,持分移轉,06740010
RPOPMLTKOHIGFCQ07DA,豐收段,115.42,非都市：鄉村區 ; 非都市編定：乙種建築用地,1,1,全筆移轉,06740031
RPSNMLKLOHIGFCQ09DA,豐收段,30.26,非都市：鄉村區 ; 非都市編定：乙種建築用地,6900,228,持分移轉,06740001
RPSNMLKLOHIGFCQ09DA,豐收段,.18,非都市：鄉村區 ; 非都市編定：乙種建築用地,25,1,持分移轉,06740010
RPSNMLKLOHIGFCQ09DA,豐收段,92.27,非都市：鄉村區 ; 非都市編定：乙種建築用地,1,1,全筆移轉,06740030
RPOOMLPLOHIGFCQ66DA,民農段,84.88,都市：其他:住,1,1,全筆移轉,06340017
RPOOMLKLOHIGFCQ78DA,豐收段,30.26,非都市：鄉村區 ; 非都市編定：乙種建築用地,6900,228,持分移轉,06740001
RPOOMLKLOHIGFCQ78DA,豐收段,.18,非都市：鄉村區 ; 非都市編定：乙種建築用地,25,1,持分移轉,06740010
RPVNMLPLOHIGFCQ27DA,民農段,126.01,都市：其他:住,1,1,全筆移轉,06340000
RPOOMLKLOHIGFCQ78DA,豐收段,93.24,非都市：鄉村區 ; 非都市編定：乙種建築用地,1,1,全筆移轉,06740028
RPPNMLLLOHIGFCQ88DA,豐收段,30.26,非都市：鄉村區 ; 非都市編定：乙種建築用地,6900,228,持分移轉,06740001
RPPNMLLLOHIGFCQ88DA,豐收段,.18,非都市：鄉村區 ; 非都市編定：乙種建築用地,25,1,持分移轉,06740010
RPPNMLLLOHIGFCQ88DA,豐收段,90.90,非都市：鄉村區 ; 非都市編定：乙種建築用地,1,1,全筆移轉,06740013
RPQQMLRKOHIGFCQ17DA,秀林段,4.62,非都市：鄉村區 ; 非都市編定：乙種建築用地,10000,586,持分移轉,19630004
RPQQMLRKOHIGFCQ17DA,秀林段,26.90,非都市：鄉村區 ; 非都市編定：乙種建築用地,10000,586,持分移轉,19630005
RPQQMLRKOHIGFCQ17DA,秀林段,.98,非都市：鄉村區 ; 非都市編定：乙種建築用地,10000,586,持分移轉,19630006
RPQOMLPLOHIGFCQ86DA,民農段,116.85,都市：其他:住,1,1,全筆移轉,06340024
RPWNMLPLOHIGFCQ37DA,民農段,116.97,都市：其他:住,1,1,全筆移轉,06340015
RPPNMLPLOHIGFCQ66DA,民農段,107.26,都市：其他:住,1,1,全筆移轉,06340014
RPPOMLPLOHIGFCQ76DA,民農段,140.70,都市：其他:住,1,1,全筆移轉,06340022
RPVOMLQLOHIGFCQ47DA,明和段,75.00,,1,1,全筆移轉,06960013
RPVOMLQLOHIGFCQ47DA,明和段,8.00,,1,1,全筆移轉,06960014
RPROMLQLOHIGFCQ07DA,明和段,75.00,,1,1,全筆移轉,06960023
RPROMLQLOHIGFCQ07DA,明和段,9.00,,1,1,全筆移轉,06960024
RPXQMLRKOHIGFCQ87DA,秀林段,5.22,非都市：鄉村區 ; 非都市編定：乙種建築用地,10000,663,持分移轉,19630004
RPVQMLRKOHIGFCQ67DA,秀林段,5.79,非都市：鄉村區 ; 非都市編定：乙種建築用地,10000,735,持分移轉,19630004
RPVQMLRKOHIGFCQ67DA,秀林段,33.74,非都市：鄉村區 ; 非都市編定：乙種建築用地,10000,735,持分移轉,19630005
RPXQMLRKOHIGFCQ87DA,秀林段,30.44,非都市：鄉村區 ; 非都市編定：乙種建築用地,10000,663,持分移轉,19630005
RPVQMLRKOHIGFCQ67DA,秀林段,1.23,非都市：鄉村區 ; 非都市編定：乙種建築用地,10000,735,持分移轉,19630006
RPXQMLRKOHIGFCQ87DA,秀林段,1.11,非都市：鄉村區 ; 非都市編定：乙種建築用地,10000,663,持分移轉,19630006
RPQRMLRKOHIGFCQ27DA,秀林段,5.22,非都市：鄉村區 ; 非都市編定：乙種建築用地,20000,1326,持分移轉,19630004
RPQRMLRKOHIGFCQ27DA,秀林段,30.44,非都市：鄉村區 ; 非都市編定：乙種建築用地,20000,1326,持分移轉,19630005
RPQRMLRKOHIGFCQ27DA,秀林段,1.11,非都市：鄉村區 ; 非都市編定：乙種建築用地,20000,1326,持分移轉,19630006
RPUNMLTLOHIGFDQ67DA,安家厝段,92.70,非都市：特定農業區 ; 非都市編定：甲種建築用地,1,1,全筆移轉,16320001
RPRRMLRKOHIGFCQ37DA,秀林段,5.74,非都市：鄉村區 ; 非都市編定：乙種建築用地,20000,1458,持分移轉,19630004
RPRRMLRKOHIGFCQ37DA,秀林段,33.47,非都市：鄉村區 ; 非都市編定：乙種建築用地,20000,1458,持分移轉,19630005
RPRRMLRKOHIGFCQ37DA,秀林段,1.22,非都市：鄉村區 ; 非都市編定：乙種建築用地,20000,1458,持分移轉,19630006
RPSNMLSJPHIGFBQ07DA,蘇厝寮段蘇厝小段,86.00,非都市：鄉村區 ; 非都市編定：乙種建築用地,1,1,全筆移轉,01580013
RPQNMLQJPHIGFCQ76DA,明和段,75.00,,1,1,全筆移轉,06960031
RPQNMLQJPHIGFCQ76DA,明和段,9.00,,1,1,全筆移轉,06960032
RPXTMLMJNHIGFCQ47DA,潭底段潭底小段,25.83,都市：其他:住,100000,682,持分移轉,00610000
RPQOMLKKNHIGFCQ78DA,民北段,31.43,都市：其他:住,100000,2060,持分移轉,10730000
RPVNMLSJPHIGFBQ37DA,蘇厝寮段蘇厝小段,97.00,非都市：鄉村區 ; 非都市編定：乙種建築用地,1,1,全筆移轉,01580020
RPTNMLQJPHIGFCQ07DA,明和段,82.00,都市：其他:住,1,1,全筆移轉,06960033
RPPNMLQJPHIGFCQ66DA,明和段,75.00,都市：其他:住,1,1,全筆移轉,06960025
RPTNMLQJPHIGFCQ07DA,明和段,11.00,,1,1,全筆移轉,06960034
RPPNMLQJPHIGFCQ66DA,明和段,9.00,都市：其他:住,1,1,全筆移轉,06960026
RPSQMLRKOHIGFCQ37DA,秀林段,6.02,非都市：鄉村區 ; 非都市編定：乙種建築用地,20000,1528,持分移轉,19630004
RPSQMLRKOHIGFCQ37DA,秀林段,35.08,非都市：鄉村區 ; 非都市編定：乙種建築用地,20000,1528,持分移轉,19630005
RPSQMLRKOHIGFCQ37DA,秀林段,1.28,非都市：鄉村區 ; 非都市編定：乙種建築用地,20000,1528,持分移轉,19630006
RPUNMLLJQHIGFDQ86DA,水南段,29.20,都市：其他:住宅區,1,1,全筆移轉,01050000
RPOOMLMJQHIGFCQ98DA,明和段,76.00,,1,1,全筆移轉,06960003
RPOOMLMJQHIGFCQ98DA,明和段,6.00,,1,1,全筆移轉,06960004
RPROMLMJQHIGFCQ66DA,明和段,80.00,,1,1,全筆移轉,06960035
RPROMLMJQHIGFCQ66DA,明和段,24.00,,1,1,全筆移轉,06960036
RPQOMLMJQHIGFCQ56DA,明和段,75.00,,1,1,全筆移轉,06960017
RPQOMLMJQHIGFCQ56DA,明和段,8.00,,1,1,全筆移轉,06960018
RPTNMLOJPHIGFCQ86DA,潭底段潭底小段,137.00,,1,1,全筆移轉,03490018
RPROMLMJNHIGFCQ98DA,潭底段潭底小段,38.49,都市：其他:住,100000,1016,持分移轉,00610000
RPRPMLMJNHIGFCQ09DA,潭底段潭底小段,36.55,都市：其他:住,100000,965,持分移轉,00610000
RPSSMLMJNHIGFCQ86DA,潭底段潭底小段,27.46,都市：其他:住,100000,725,持分移轉,00610000
RPRSMLMJNHIGFCQ76DA,潭底段潭底小段,24.17,都市：其他:住,100000,638,持分移轉,00610000
RPTTMLMJNHIGFCQ07DA,潭底段潭底小段,26.74,都市：其他:住,100000,706,持分移轉,00610000
RPTUMLMJNHIGFCQ17DA,潭底段潭底小段,21.93,都市：其他:住,100000,579,持分移轉,00610000
RPORMLMJNHIGFCQ98DA,潭底段潭底小段,36.97,都市：其他:住,100000,976,持分移轉,00610000
RPUPMLMJNHIGFCQ76DA,潭底段潭底小段,25.80,都市：其他:住,100000,681,持分移轉,00610000
RPXPMLMJNHIGFCQ07DA,潭底段潭底小段,27.46,都市：其他:住,100000,725,持分移轉,00610000
RPQSMLMJNHIGFCQ66DA,潭底段潭底小段,35.42,都市：其他:住,100000,935,持分移轉,00610000
RPVNMLOKPHIGFDQ27DA,龍潭段,710.90,都市：其他:農業區,512,240,持分移轉,00100000
RPVNMLOKPHIGFDQ27DA,龍潭段,530.51,都市：其他:農業區,512,192,持分移轉,00110000
RPWNMLOKPHIGFDQ37DA,龍潭段,102.60,,512,240,持分移轉,00070000
RPWNMLOKPHIGFDQ37DA,龍潭段,629.86,都市：其他:住宅區,512,240,持分移轉,00080000
RPWNMLOKPHIGFDQ37DA,龍潭段,48.74,都市：其他:住宅區,512,240,持分移轉,00090000
RPWNMLOKPHIGFDQ37DA,龍潭段,32.44,都市：其他:住宅區,512,192,持分移轉,00120000
RPWNMLOKPHIGFDQ37DA,龍潭段,424.94,都市：其他:住宅區,512,192,持分移轉,00130000
RPWNMLOKPHIGFDQ37DA,龍潭段,53.14,,512,192,持分移轉,00140000
RPRNNLMJNHIGFCQ98DA,潭底段潭底小段,22.12,都市：其他:住,100000,584,持分移轉,00610000
RPPNNLMJNHIGFCQ78DA,潭底段潭底小段,25.42,都市：其他:住,100000,671,持分移轉,00610000
RPXSMLMJNHIGFCQ37DA,潭底段潭底小段,24.17,都市：其他:住,100000,638,持分移轉,00610000
RPTSMLMJNHIGFCQ96DA,潭底段潭底小段,27.20,都市：其他:住,100000,718,持分移轉,00610000
RPXRMLMJNHIGFCQ27DA,潭底段潭底小段,30.99,都市：其他:住,100000,818,持分移轉,00610000
