編號,土地位置,土地移轉面積平方公尺,使用分區或編定,權利人持分分母,權利人持分分子,移轉情形,地號
The serial number, land position,land shifting area square meter,the use zoning or compiles and checks,,,,land parcel
RPRNMLQKJIIGFAI08DA,東門段六小段,22.00,都市：其他:住宅區,1,1,全筆移轉,00720011
RPRNMLQKJIIGFAI08DA,東門段六小段,18.00,都市：其他:住宅區,1,1,全筆移轉,00820001
RPXOMLKLJIIGFAI28DA,新富段四小段,20.00,都市：其他:商業區,1,1,全筆移轉,00160075
RPXOMLKLJIIGFAI28DA,新富段四小段,5.00,都市：其他:商業區,1,1,全筆移轉,00160083
RPQNMLLLJIIGFAI57DA,竹圍子段中興小段,117.00,都市：其他:商業區,1,1,全筆移轉,00600001
RPPNMLQKJIIGFAI87DA,民族段四小段,33.83,都市：其他:道路用地,60,14,持分移轉,00020001
RPQNMLKLJIIGFAI57EA,陳厝段,133.65,都市：其他:住宅區,1,1,全筆移轉,01340001
RPSNMLOKJIIGFAI97DA,短竹段,3.74,都市：其他:商業區,10000,46,持分移轉,04040000
RPPNMLSKJIIGFAI08DA,湖內段,20.33,都市：其他:商業區,27700,204,持分移轉,03180000
RPPNMLKLJIIGFAI37DA,湖子內段湖美小段,88.66,都市：其他:第三種休閒專用區,1,1,全筆移轉,05580017
RPSNMLKLJIIGFAI67DA,盧厝段,8.88,都市：其他:住宅區,100000,436,持分移轉,02550000
RPQOMLNLJIIGFAI87DA,興村段,17.01,都市：其他:住宅區,10000,517,持分移轉,01960000
RPSNMLLLJIIGFAI87EA,頂庄段,330.50,都市：其他:農業區,2,1,持分移轉,03010004
RPSNMLSLJIIGFAI48DA,北園段,51.78,都市：其他:住宅區,45,1,持分移轉,13770000
RPPNMLNKJIIGFAI57DA,彌陀段,.56,都市：其他:住宅區,10000,3,持分移轉,05820000
RPUNMLNLJIIGFAI18DA,車店段,36.80,都市：其他:住宅區,10,1,持分移轉,01890000
RPQNMLPKJIIGFAI87DA,南門段五小段,13.96,都市：其他:商業區,10000,35,持分移轉,00450000
RPPNMLPKJIIGFAI77DA,台斗坑段,11.75,都市：其他:住宅區,10000,60,持分移轉,03270008
RPQNMLPKJIIGFAI87DA,南門段五小段,5.23,都市：其他:住宅區,10000,35,持分移轉,00450003
RPQNMLPKJIIGFAI87DA,南門段五小段,.68,都市：其他:住宅區,10000,35,持分移轉,00450004
RPUOMLOKJIIGFAI28DA,興村段,7.70,都市：其他:商業區,18130,77,持分移轉,01340000
RPPNMLSLJIIGFAI18DA,湖子內段湖內小段,113.00,都市：其他:住宅區,1,1,全筆移轉,01470021
RPPOMLOLJIIGFAI87DA,遠東段,19.04,都市：其他:住宅區,100000,341,持分移轉,00680000
RPSNMLTLJIIGFAI58DA,短竹段,117.00,都市：其他:住宅區,1,1,全筆移轉,09120045
RPXOMLTLJIIGFAI56DA,湖子內段興安小段,35.31,都市：其他:住宅區,10000,214,持分移轉,02340000
RPUNMLKKJIIGFAI77DA,台斗坑段,69.00,都市：其他:住宅區,1,1,全筆移轉,01310041
RPUNMLKKJIIGFAI77DA,台斗坑段,144.00,都市：其他:住宅區,1,1,全筆移轉,01310176
RPUNMLKKJIIGFAI77DA,台斗坑段,287.00,都市：其他:住宅區,1,1,全筆移轉,01310191
RPPNMLOLJIIGFAI87EA,西門段一小段,83.00,都市：其他:商業區,140,83,持分移轉,01190000
RPQNMLTLJIIGFAI48EA,港子坪段,60.00,都市：其他:住宅區,1,1,全筆移轉,02290089
RPPNMLNLJIIGFAI77EA,竹圍子段二小段,6.23,都市：其他:住宅區,10000,15,持分移轉,01120000
RPPNMLTLJIIGFAI38EA,竹圍子段,140.00,都市：其他:道路用地,1,1,全筆移轉,02370001
RPPNMLTLJIIGFAI38EA,竹圍子段,18.16,都市：其他:道路用地,10000,2162,持分移轉,02370006
RPQPMLTLJIIGFAI58DA,北社尾段,11.75,都市：其他:住宅區,10000,208,持分移轉,06530014
RPPNMLKMJIIGFAI57EA,彌陀段,.56,都市：其他:住宅區,10000,3,持分移轉,05820000
RPVNMLKMJIIGFAI08DA,盧東段,73.79,都市：其他:住宅區,1,1,全筆移轉,05610000
RPVNMLKMJIIGFAI08DA,盧東段,3.33,都市：其他:住宅區,1000,25,持分移轉,05730000
RPVNMLKMJIIGFAI08DA,盧東段,1.43,都市：其他:住宅區,1000,25,持分移轉,05740000
RPWNMLKMJIIGFAI18DA,南門段五小段,115.00,都市：其他:商業區,1,1,全筆移轉,00410007
RPPNMLLJKIIGFAI47EA,興村段,32.90,都市：其他:住宅區,10000,1000,持分移轉,02000000
RPPOMLKLJIIGFAI47DA,遠東段,11.20,都市：其他:住宅區,10000,12,持分移轉,00680007
RPPNMLMLJIIGFAI57DA,荖藤段,81.00,都市：其他:住宅區,1,1,全筆移轉,04360000
RPPNMLMLJIIGFAI57DA,荖藤段,18.00,都市：其他:道路用地,1,1,全筆移轉,04370000
RPTOMLOLJIIGFAI28DA,同興段,15.03,都市：其他:住宅區,10000,11,持分移轉,14350000
RPQOMLSLJIIGFAI38DA,北園段,33.00,都市：其他:商業區,2,1,持分移轉,15070010
RPTNMLSLJIIGFAI58DA,竹圍子段三小段,12.36,都市：其他:住宅區,20000,208,持分移轉,01620000
RPPNMLTLJIIGFAI28DA,竹圍子段,8.69,都市：其他:住宅區,10000,41,持分移轉,03300000
RPSNMLPJKIIGFAI08DA,台斗坑段,14.87,都市：其他:住宅區,10000,26,持分移轉,03240003
RPTPMLNLJIIGFAI28DA,短竹段,162.00,都市：其他:農業區,1,1,全筆移轉,09690000
RPQNMLQJKIIGFAI08EA,湖內段,18.83,都市：其他:乙種工業區,496718880,8890560,持分移轉,15120000
RPROMLPJKIIGFAI08DA,台斗坑段,13.50,都市：其他:住宅區,100000,236,持分移轉,03240003
RPRNMLQJKIIGFAI18EA,湖內段,32.20,都市：其他:乙種工業區,496718880,15205680,持分移轉,15120000
RPSNMLQJKIIGFAI28EA,湖內段,16.14,都市：其他:乙種工業區,496718880,7620480,持分移轉,15120000
RPQNMLTLJIIGFAI38DA,興村段,2.11,都市：其他:商業區,10000,68,持分移轉,01330000
RPQNMLTLJIIGFAI38DA,興村段,12.71,都市：其他:商業區,10000,68,持分移轉,01490000
RPSOMLKMJIIGFAI87DA,盧厝段,7.06,都市：其他:住宅區,10000,13,持分移轉,02600004
RPOOMLPJKIIGFAI77DA,港子坪段,15.18,都市：其他:住宅區,10000,105,持分移轉,02030005
RPQNMLRLJIIGFAI18DA,新太平段,39.95,都市：其他:兒童遊樂場用地,1,1,全筆移轉,01660000
RPSNMLQJKIIGFAI18DA,新富段四小段,2.73,都市：其他:商業區,10000,5,持分移轉,00080000
RPQNMLRJKIIGFAI08DA,下路頭段,57.00,都市：其他:住宅區,1,1,全筆移轉,01870056
RPQNMLRJKIIGFAI08DA,下路頭段,11.00,都市：其他:住宅區,1,1,全筆移轉,01870086
RPPQMLQJJIIGFAI08DA,下路頭段,18.25,都市：其他:道路用地,992,22,持分移轉,04370015
RPPQMLQJJIIGFAI08DA,下路頭段,9.00,都市：其他:住宅區,2,1,持分移轉,04370019
RPPQMLQJJIIGFAI08DA,下路頭段,61.00,都市：其他:住宅區,1,1,全筆移轉,04370071
RPUOMLTLJIIGFAI88DA,盧東段,.01,都市：其他:住宅區,14,1,持分移轉,03930000
RPUOMLTLJIIGFAI88DA,盧東段,.65,都市：其他:住宅區,14,1,持分移轉,03930001
RPUOMLTLJIIGFAI88DA,盧東段,133.37,都市：其他:住宅區,1,1,全筆移轉,03930006
RPROMLOJKIIGFAI97DA,溪東段,273.08,都市：其他:農業區,1,1,全筆移轉,03000000
RPQOMLOJKIIGFAI87DA,埤子頭段,28.59,都市：其他:住宅區,10000,1999,持分移轉,04150145
RPOOMLOJKIIGFAI67DA,末廣段一小段,.38,都市：其他:商業區,10000,82,持分移轉,00020003
RPOOMLOJKIIGFAI67DA,新富段八小段,12.54,都市：其他:商業區,10000,82,持分移轉,00090000
RPTPMLQJKIIGFAI48DA,北湖段,1323.00,都市：其他:農業區,1,1,全筆移轉,07900002
RPUNMLNLIIIGFAI08DA,新富段六小段,8.32,都市：其他:商業區,828,15,持分移轉,00380000
RPRNMLNLIIIGFAI77DA,盧厝段,18.18,都市：其他:住宅區,10000,53,持分移轉,02600010
RPROMLMKIIIGFAI67DA,下路頭段,86.50,都市：其他:道路用地,2,1,持分移轉,04820003
RPVNMLNLIIIGFAI18DA,新富段六小段,8.32,都市：其他:商業區,828,15,持分移轉,00380000
RPRNMLKLIIIGFAI47DA,榮段二小段,40.00,都市：其他:商業區,1,1,全筆移轉,00200010
RPRNMLKLIIIGFAI47DA,榮段二小段,4.75,都市：其他:商業區,4,1,持分移轉,00200011
RPTNMLKLIIIGFAI67DA,新白川段,3.27,,100000,293,持分移轉,00190000
RPTNMLKLIIIGFAI67DA,車店段,34.47,都市：其他:住宅區,100000,293,持分移轉,00620000
RPTNMLKLIIIGFAI67DA,車店段,.05,,100000,293,持分移轉,00620007
RPUNMLLKIIIGFAI77DA,彌陀段,.56,都市：其他:住宅區,10000,3,持分移轉,05820000
RPXNMLNJIIIGFAI18DA,車店段,64.00,都市：其他:住宅區,1,1,全筆移轉,03950047
RPPNMLOLIIIGFAI77EA,湖子內段興安小段,261.65,都市：其他:住宅區,1,1,全筆移轉,01910003
RPPNMLKLIIIGFAI37EA,車店段,52.00,都市：其他:住宅區,1,1,全筆移轉,03940047
RPPNMLKLIIIGFAI37EA,車店段,99.00,都市：其他:住宅區,1,1,全筆移轉,03940062
RPPNMLNLIIIGFAI67EA,湖子內段興安小段,111.72,都市：其他:住宅區,1,1,全筆移轉,02720001
RPQNMLOLIIIGFAI87EA,東門段四小段,.60,都市：其他:住宅區,10,2,持分移轉,00100044
RPQNMLOLIIIGFAI87EA,雲檜段,13.82,都市：其他:住宅區,11450,418,持分移轉,02760000
RPQNMLOLIIIGFAI87EA,雲檜段,1.08,都市：其他:住宅區,10,2,持分移轉,05260000
RPPNMLPLJIIGFAI87DA,中庄段,.69,都市：其他:道路用地,120,1,持分移轉,10410000
RPPNMLPLJIIGFAI87DA,中庄段,2.39,都市：其他:住宅區,120,1,持分移轉,10420000
RPPNMLPLJIIGFAI87DA,中庄段,2.48,都市：其他:住宅區,120,1,持分移轉,10450000
RPPNMLPLJIIGFAI87DA,中庄段,4.90,都市：其他:住宅區,120,1,持分移轉,10540000
RPPNMLPLJIIGFAI87DA,中庄段,33.60,都市：其他:住宅區,10,1,持分移轉,10560000
RPQNMLPLIIIGFAI97EA,榮段三小段,31.87,都市：其他:商業區,15,1,持分移轉,00480000
RPQNMLPLIIIGFAI97EA,榮段三小段,1.60,都市：其他:商業區,15,1,持分移轉,00480004
RPQNMLQLIIIGFAI08EA,北社尾段保安小段,10.97,都市：其他:住宅區,10000,173,持分移轉,03610000
RPOOMLOLIIIGFAI67DA,元段二小段,1.55,都市：其他:商業區,10000,87,持分移轉,00850001
RPOOMLOLIIIGFAI67DA,元段二小段,.41,都市：其他:商業區,1000000,5662,持分移轉,01170000
RPOOMLOLIIIGFAI67DA,元段二小段,.76,都市：其他:商業區,1000000,5662,持分移轉,01170001
RPOOMLOLIIIGFAI67DA,元段二小段,1.44,都市：其他:商業區,10000,87,持分移轉,01270000
RPTOMLOLIIIGFAI18DA,埤子頭段,27.15,都市：其他:住宅區,10000,91,持分移轉,01980000
RPUNMLPLIIIGFAI28DA,北社尾段保安小段,7.49,都市：其他:住宅區,10000,52,持分移轉,01980000
RPWNMLQLIIIGFAI58DA,湖內段,361.00,都市：其他:乙種工業區,1,1,全筆移轉,15160000
RPQOMLQLIIIGFAI08DA,盧厝段,27.07,都市：其他:住宅區,100000,1329,持分移轉,02550000
RPRPMLPLIIIGFAI18DA,湖子內段興安小段,111.72,都市：其他:住宅區,1,1,全筆移轉,02720002
RPSNMLQLIIIGFAI18DA,下路頭段,40.50,都市：其他:住宅區,2,1,持分移轉,04300175
RPOOMLQLIIIGFAI87DA,車店段車店小段,28.50,都市：其他:住宅區,68480,1140,持分移轉,02650000
RPQNMLRLIIIGFAI18EA,民族段六小段,13.00,都市：其他:公園道用地,1,1,全筆移轉,00300000
RPQNMLRLIIIGFAI18EA,民族段六小段,48.00,都市：其他:住宅區,1,1,全筆移轉,00320002
RPQNMLRLIIIGFAI18EA,民族段六小段,88.00,都市：其他:公園道用地,1,1,全筆移轉,00320003
RPQNMLRLIIIGFAI08DA,湖子內段興安小段,139.16,都市：其他:住宅區,1,1,全筆移轉,02720005
RPQOMLOLIIIGFAI87DA,彌陀段,10.00,,1,1,全筆移轉,03430009
RPROMLOLIIIGFAI97DA,彌陀段,108.00,都市：其他:住宅區,1,1,全筆移轉,03430008
RPSNMLPLIIIGFAI18EA,北園段,15.00,都市：其他:住宅區,1,1,全筆移轉,01410000
RPRNMLPLIIIGFAI08EA,北園段,676.00,都市：其他:道路用地,1,1,全筆移轉,01260001
RPUNMLPLIIIGFAI38EA,北園段,173.00,都市：其他:道路用地,1,1,全筆移轉,01320000
RPTNMLPLIIIGFAI28EA,北園段,503.00,,1,1,全筆移轉,01400000
RPVNMLPLIIIGFAI48EA,北園段,253.00,都市：其他:道路用地,1,1,全筆移轉,03220000
RPWNMLPLIIIGFAI58EA,北園段,392.00,都市：其他:道路用地,1,1,全筆移轉,03230000
RPXNMLPLIIIGFAI68EA,北園段,802.00,都市：其他:道路用地,1,1,全筆移轉,03300000
RPXNMLPLIIIGFAI68EA,北園段,290.00,都市：其他:道路用地,1,1,全筆移轉,03340000
RPOOMLPLIIIGFAI87EA,北園段,786.00,都市：其他:道路用地,1,1,全筆移轉,02880000
RPPOMLPLIIIGFAI97EA,北園段,895.12,都市：其他:道路用地,8,7,持分移轉,02890000
RPQOMLPLIIIGFAI08EA,北園段,127.88,都市：其他:道路用地,8,1,持分移轉,02890000
RPROMLPLIIIGFAI18EA,北園段,8.00,都市：其他:道路用地,1,1,全筆移轉,02840000
RPSOMLPLIIIGFAI28EA,北園段,93.00,都市：其他:道路用地,1,1,全筆移轉,02830000
RPRNMLQLIIIGFAI08DA,北門段一小段,99.00,都市：其他:住宅區,1,1,全筆移轉,00040000
RPVNMLLJJIIGFAI87DA,榮段二小段,60.00,都市：其他:商業區,1,1,全筆移轉,00720002
RPVNMLLJJIIGFAI87DA,榮段二小段,13.00,都市：其他:商業區,1,1,全筆移轉,00720006
RPVNMLLJJIIGFAI87DA,榮段二小段,10.00,都市：其他:商業區,1,1,全筆移轉,00720010
RPOOMLKMIIIGFAI37DA,車店段車店小段,13.50,都市：其他:住宅區,10000,68,持分移轉,00460056
RPSNMLPLIIIGFAI08DA,軍輝段,67.00,都市：其他:住宅區,1,1,全筆移轉,00820112
RPVNMLOLIIIGFAI28DA,湖子內段湖內小段,65.00,都市：其他:住宅區,1,1,全筆移轉,01410023
RPXNMLOLIIIGFAI48DA,元段四小段,16.00,都市：其他:商業區,1,1,全筆移轉,01230004
RPWNMLOLIIIGFAI38DA,短竹段,5.71,都市：其他:住宅區,50000,48,持分移轉,09120071
RPQPMLPLIIIGFAI08DA,竹圍子段,5.51,都市：其他:住宅區,10000,26,持分移轉,03300000
RPWNMLKLIIIGFAI97DA,導明段,82.87,都市：其他:住宅區,1,1,全筆移轉,12270000
RPROMLLJJIIGFAI57DA,湖子內段興安小段,121.00,都市：其他:住宅區,1,1,全筆移轉,03110009
RPQOMLMJJIIGFAI57DA,港子坪段港坪小段,106.00,,1,1,全筆移轉,01350016
RPWNMLNJJIIGFAI18DA,車店段車店小段,8.28,都市：其他:住宅區,10000,17,持分移轉,00450000
RPPNMLRJJIIGFAI87DA,大溪段,45.25,都市：其他:住宅區,1,1,全筆移轉,07820001
RPRNMLKMIIIGFAI57DA,竹圍子段二小段,12.51,都市：其他:住宅區,10000,148,持分移轉,02220000
RPQNMLSKIIIGFAI08DA,竹圍子段二小段,92.00,都市：其他:住宅區,1,1,全筆移轉,02650000
RPQOMLLMIIIGFAI67DA,下路頭段,.64,都市：其他:商業區,100000,747,持分移轉,04370094
RPQOMLLMIIIGFAI67DA,下路頭段,19.52,都市：其他:商業區,100000,747,持分移轉,04370174
RPPNMLLJJIIGFAI27DA,短竹段,.31,都市：其他:公園道用地,100000,505,持分移轉,16680000
RPPNMLLJJIIGFAI27DA,短竹段,4.94,都市：其他:住宅區,100000,505,持分移轉,16690000
RPTNMLNJJIIGFAI87DA,竹圍子段中興小段,6.11,都市：其他:商業區,61700,611,持分移轉,01150000
RPPNMLNJJIIGFAI47DA,西門段二小段,81.00,都市：其他:商業區,1,1,全筆移轉,00790005
RPROMLMJJIIGFAI67DA,東門段七小段,8.29,都市：其他:商業區,10000,65,持分移轉,00590000
RPWOMLMJJIIGFAI18DA,北園段,20.74,都市：其他:住宅區,10000,100,持分移轉,16070000
RPWOMLMJJIIGFAI18DA,北園段,.32,,10000,100,持分移轉,16070002
RPTNMLLJJIIGFAI67DA,長竹段,95.00,都市：其他:住宅區,1,1,全筆移轉,00700006
RPXNMLNJJIIGFAI28DA,港子坪段,47.00,都市：其他:住宅區,1,1,全筆移轉,00120017
RPOOMLRJJIIGFAI87DA,興村段,65.00,都市：其他:住宅區,1,1,全筆移轉,01150046
RPOOMLRJJIIGFAI87DA,興村段,24.10,都市：其他:住宅區,12980,241,持分移轉,01150137
RPPOMLRJJIIGFAI97DA,東門段七小段,13.52,都市：其他:商業區,10000,106,持分移轉,00590000
RPQOMLRJJIIGFAI08DA,新太平段,.46,都市：其他:道路用地,1,1,全筆移轉,11080001
RPWNMLRJJIIGFAI58DA,劉厝段玉山小段,104.38,都市：其他:住宅區,1,1,全筆移轉,03550000
RPXNMLRJJIIGFAI68DA,末廣段五小段,23.16,都市：其他:商業區,3000,29,持分移轉,00090000
RPQNMLMJJIIGFAI47DA,下路頭段,19.33,都市：其他:住宅區,12,1,持分移轉,00860027
RPQNMLMJJIIGFAI47DA,下路頭段,98.00,都市：其他:住宅區,1,1,全筆移轉,00860189
RPQNMLMJJIIGFAI47DA,下路頭段,.42,都市：其他:住宅區,12,1,持分移轉,00860191
RPQNMLMJJIIGFAI47DA,下路頭段,5.43,都市：其他:住宅區,7,1,持分移轉,00860192
RPTPMLQJJIIGFAI38DA,竹圍子段三小段,24.10,都市：其他:住宅區,10000,188,持分移轉,01030000
RPUPMLQJJIIGFAI48DA,下路頭段,18.73,都市：其他:住宅區,10000,64,持分移轉,00100076
RPOQMLQJJIIGFAI97DA,車店段車店小段,4.76,都市：其他:住宅區,10000,24,持分移轉,00460056
RPQNMLSJJIIGFAI18EA,同興段,20.50,都市：其他:住宅區,10000,15,持分移轉,14350000
RPPNMLTJJIIGFAI18EA,埤子頭段,3.00,都市：其他:住宅區,1,1,全筆移轉,03410054
RPQNMLTJJIIGFAI28EA,車店段車店小段,115.00,都市：其他:住宅區,1,1,全筆移轉,05400001
RPPNMLSJJIIGFAI08EA,車店段車店小段,32.22,都市：其他:住宅區,100000,714,持分移轉,01220000
RPXNMLLMIIIGFAI28DA,北門段五小段,16.00,都市：其他:道路用地,1,1,全筆移轉,00470002
RPXNMLLMIIIGFAI28DA,北門段五小段,14.00,都市：其他:商業區,1,1,全筆移轉,00470003
RPXNMLMJJIIGFAI18DA,導明段,10.58,都市：其他:住宅區,10000,76,持分移轉,08140000
RPPNMLNJJIIGFAI57EA,後庄段,3.00,都市：其他:商業區,1,1,全筆移轉,07250008
RPOOMLTJJIIGFAI08DA,竹圍子段一小段,83.00,都市：其他:住宅區,1,1,全筆移轉,01770000
RPRNMLKKJIIGFAI47DA,埤子頭段,16.00,都市：其他:住宅區,1,1,全筆移轉,02940006
RPQNMLRJJIIGFAI97DA,陳厝段,87.56,都市：其他:住宅區,1,1,全筆移轉,00440000
RPQNMLNKJIIGFAI77EA,竹圍子段二小段,1.00,,1,1,全筆移轉,04380003
RPROMLRJJIIGFAI18DA,新富段二小段,109.00,都市：其他:商業區,1,1,全筆移轉,00460012
RPVNMLKKJIIGFAI87DA,湖子內段新民小段,283.18,都市：其他:商業區,1,1,全筆移轉,01990000
RPSNMLPKJIIGFAI08DA,頂庄段,72.00,都市：其他:住宅區,1,1,全筆移轉,04750000
RPWNMLKKJIIGFAI97DA,遠東段,116.16,都市：其他:乙種工業區,224,5,持分移轉,01410000
RPWNMLKKJIIGFAI97DA,遠東段,35.16,都市：其他:乙種工業區,224,5,持分移轉,04250000
RPSOMLTJJIIGFAI48DA,東門段四小段,38.76,都市：其他:住宅區,1000,59,持分移轉,00210001
RPRNMLNKJIIGFAI77DA,港子坪段港坪小段,28.19,都市：其他:住宅區,10000,345,持分移轉,01070000
RPTNMLOKJIIGFAI08DA,竹圍子段二小段,8.98,都市：其他:商業區,10000,55,持分移轉,00260000
RPROMLTJJIIGFAI38DA,新白川段,36.37,都市：其他:住宅區,100000,725,持分移轉,00480000
RPPNMLOKJIIGFAI77EA,車店段,120.00,都市：其他:住宅區,1,1,全筆移轉,03280213
RPPNMLOKJIIGFAI77EA,車店段,160.00,都市：其他:住宅區,1,1,全筆移轉,03280214
RPPNMLOKJIIGFAI77EA,車店段,160.00,都市：其他:住宅區,1,1,全筆移轉,03280215
RPWNMLNLIIIGFAI28DA,埤子頭段,2.25,都市：其他:住宅區,10269720,7924,持分移轉,03390001
RPWNMLNLIIIGFAI28DA,埤子頭段,.14,都市：其他:住宅區,5184,4,持分移轉,03390012
RPWNMLNLIIIGFAI28DA,埤子頭段,.01,都市：其他:住宅區,5184,4,持分移轉,03390013
RPWNMLNLIIIGFAI28DA,埤子頭段,.03,都市：其他:住宅區,5184,4,持分移轉,03390014
RPWNMLNLIIIGFAI28DA,埤子頭段,.09,都市：其他:住宅區,5184,4,持分移轉,03390015
RPWNMLNLIIIGFAI28DA,埤子頭段,.14,都市：其他:住宅區,5184,4,持分移轉,03390016
RPWNMLNLIIIGFAI28DA,埤子頭段,.00,都市：其他:住宅區,5184,4,持分移轉,03390017
RPWNMLNLIIIGFAI28DA,埤子頭段,.01,都市：其他:道路用地,5184,4,持分移轉,03390018
RPWNMLNLIIIGFAI28DA,埤子頭段,.02,都市：其他:道路用地,5184,4,持分移轉,03390019
RPWNMLNLIIIGFAI28DA,埤子頭段,4.56,都市：其他:住宅區,10269720,7924,持分移轉,03390025
RPWNMLNLIIIGFAI28DA,埤子頭段,.01,都市：其他:道路用地,10269720,7924,持分移轉,03390026
RPWNMLNLIIIGFAI28DA,埤子頭段,.01,都市：其他:道路用地,5184,4,持分移轉,03390029
RPWNMLNLIIIGFAI28DA,埤子頭段,.01,都市：其他:住宅區,5184,4,持分移轉,03390030
RPWNMLNLIIIGFAI28DA,埤子頭段,.01,都市：其他:住宅區,5184,4,持分移轉,03390031
RPPNMLKMIIIGFAI37DA,軍輝段,90.00,都市：其他:住宅區,1,1,全筆移轉,04160022
RPWNMLPKJIIGFAI48DA,台斗坑段,14.47,都市：其他:住宅區,10000,127,持分移轉,01340016
RPQNMLNJJIIGFAI57DA,北湖段,96.00,都市：其他:住宅區,1,1,全筆移轉,02510002
RPQNMLNJJIIGFAI57DA,北湖段,5.47,都市：其他:住宅區,10000,320,持分移轉,02560000
RPVNMLLMIIIGFAI08DA,埤子頭段,8.43,都市：其他:住宅區,10269720,29715,持分移轉,03390001
RPVNMLLMIIIGFAI08DA,埤子頭段,.51,都市：其他:住宅區,5184,15,持分移轉,03390012
RPVNMLLMIIIGFAI08DA,埤子頭段,.04,都市：其他:住宅區,5184,15,持分移轉,03390013
RPVNMLLMIIIGFAI08DA,埤子頭段,.10,都市：其他:住宅區,5184,15,持分移轉,03390014
RPVNMLLMIIIGFAI08DA,埤子頭段,.33,都市：其他:住宅區,5184,15,持分移轉,03390015
RPVNMLLMIIIGFAI08DA,埤子頭段,.52,都市：其他:住宅區,5184,15,持分移轉,03390016
RPVNMLLMIIIGFAI08DA,埤子頭段,.00,都市：其他:住宅區,5184,15,持分移轉,03390017
RPVNMLLMIIIGFAI08DA,埤子頭段,.05,都市：其他:道路用地,5184,15,持分移轉,03390018
RPVNMLLMIIIGFAI08DA,埤子頭段,.09,都市：其他:道路用地,5184,15,持分移轉,03390019
RPVNMLLMIIIGFAI08DA,埤子頭段,17.11,都市：其他:住宅區,10269720,29715,持分移轉,03390025
RPVNMLLMIIIGFAI08DA,埤子頭段,.05,都市：其他:道路用地,10269720,29715,持分移轉,03390026
RPVNMLLMIIIGFAI08DA,埤子頭段,.02,都市：其他:道路用地,5184,15,持分移轉,03390029
RPVNMLLMIIIGFAI08DA,埤子頭段,.03,都市：其他:住宅區,5184,15,持分移轉,03390030
RPVNMLLMIIIGFAI08DA,埤子頭段,.02,都市：其他:住宅區,5184,15,持分移轉,03390031
RPPNMLSJJIIGFAI97DA,埤子頭段,66.00,都市：其他:住宅區,1,1,全筆移轉,03750093
RPPNMLSJJIIGFAI97DA,埤子頭段,35.00,都市：其他:住宅區,1,1,全筆移轉,03750150
RPRNMLPKJIIGFAI97DA,頂庄段,251.00,都市：其他:農業區,1,1,全筆移轉,07010000
RPRNMLPKJIIGFAI97DA,頂庄段,251.00,都市：其他:農業區,1,1,全筆移轉,07010001
RPPNMLTJJIIGFAI08DA,北園段,106.00,都市：其他:住宅區,1,1,全筆移轉,14920010
RPPNMLTJJIIGFAI08DA,北園段,.23,都市：其他:住宅區,30,1,持分移轉,14920014
RPTNMLPKJIIGFAI18DA,湖內段,77.00,都市：其他:住宅區,1,1,全筆移轉,08830011
RPXNMLTJJIIGFAI88DA,東門段六小段,31.65,都市：其他:住宅區,23,1,持分移轉,00840000
RPTOMLOKJIIGFAI18DA,車店段車店小段,1.47,都市：其他:商業區,10000,110,持分移轉,04270000
RPTOMLOKJIIGFAI18DA,車店段車店小段,3.87,都市：其他:商業區,10000,110,持分移轉,04280000
RPVNMLPKJIIGFAI38DA,盧東段,6.96,都市：其他:道路用地,35000,500,持分移轉,02200002
RPVNMLPKJIIGFAI38DA,盧東段,3.18,都市：其他:道路用地,700,9,持分移轉,03050000
RPVNMLPKJIIGFAI38DA,盧東段,84.00,都市：其他:住宅區,1,1,全筆移轉,03060023
RPVNMLPKJIIGFAI38DA,盧東段,.13,都市：其他:住宅區,56,1,持分移轉,03060025
RPVNMLPKJIIGFAI38DA,盧東段,.10,都市：其他:住宅區,56,1,持分移轉,03060028
RPVNMLPKJIIGFAI38DA,盧東段,.39,都市：其他:住宅區,56,1,持分移轉,03060029
RPVNMLPKJIIGFAI38DA,盧東段,4.01,都市：其他:道路用地,35000,200,持分移轉,03690001
RPTOMLPKJIIGFAI28DA,台斗坑段,20.00,都市：其他:住宅區,2551,20,持分移轉,03240007
RPRNMLSKIIIGFAI18DA,同興段,30.07,都市：其他:住宅區,10000,22,持分移轉,14350000
RPPNMLRKJIIGFAI97DA,埤子頭段,66.84,都市：其他:住宅區,10000,400,持分移轉,03040000
RPUNMLQKJIIGFAI38DA,車店段車店小段,6.75,都市：其他:住宅區,10000,34,持分移轉,00460056
RPWNMLQKJIIGFAI58DA,北社尾段保安小段,2.32,都市：其他:住宅區,10000,18,持分移轉,06120000
RPQOMLKLJIIGFAI57DA,車店段車店小段,8.57,都市：其他:住宅區,10000,113,持分移轉,01580001
RPPNMLKLJIIGFAI47EA,埤子頭段,15.65,都市：其他:住宅區,10000,43,持分移轉,03120000
RPPOMLKKJIIGFAI37DA,劉厝段劉厝小段,9.54,都市：其他:商業區,1000000,2500,持分移轉,03120001
RPVNMLQKJIIGFAI48DA,湖內段,14.47,都市：其他:住宅區,51200,1447,持分移轉,03500000
RPSOMLOKJIIGFAI08DA,車店段車店小段,18.24,都市：其他:住宅區,10000,501,持分移轉,10680000
RPTNMLRKJIIGFAI38DA,竹圍子段一小段,16.85,都市：其他:住宅區,10000,93,持分移轉,01380000
RPWNMLOKJIIGFAI38DA,車店段車店小段,6.99,都市：其他:住宅區,10000,192,持分移轉,10680000
RPTNMLKLJIIGFAI77DA,劉厝段劉厝小段,5.22,都市：其他:商業區,10000,54,持分移轉,03160002
RPWNMLKLJIIGFAI08DA,陳厝段,266.31,都市：其他:住宅區,1,1,全筆移轉,01280008
RPWNMLKLJIIGFAI08DA,陳厝段,105.52,都市：其他:住宅區,24,2,持分移轉,01280012
RPWNMLKLJIIGFAI08DA,陳厝段,1.94,都市：其他:住宅區,24,2,持分移轉,01280013
RPTNMLKKJIIGFAI67DA,車店段車店小段,122.00,都市：其他:住宅區,1,1,全筆移轉,05140000
RPUOMLKLJIIGFAI97DA,下路頭段,14.75,都市：其他:住宅區,8,1,持分移轉,04310133
RPUOMLKLJIIGFAI97DA,下路頭段,70.00,都市：其他:住宅區,1,1,全筆移轉,04310137
RPUOMLKLJIIGFAI97DA,下路頭段,16.93,都市：其他:住宅區,15,1,持分移轉,04310139
RPPNMLOKJIIGFAI67DA,下路頭段,62.00,都市：其他:住宅區,1,1,全筆移轉,02710075
RPUOMLKLJIIGFAI97DA,下路頭段,2.73,都市：其他:住宅區,15,1,持分移轉,04310143
RPUNMLRKJIIGFAI48DA,新富段一小段,.58,都市：其他:商業區,5950,165,持分移轉,00080000
RPUNMLRKJIIGFAI48DA,南門段七小段,15.92,都市：其他:商業區,5950,165,持分移轉,00100000
RPQNMLTKJIIGFAI28DA,湖子內段興安小段,120.81,都市：其他:住宅區,1,1,全筆移轉,03110007
RPRNMLTKJIIGFAI38DA,後庄段,65.00,都市：其他:商業區,1,1,全筆移轉,06740015
RPTOMLKLJIIGFAI87DA,東川段,154.00,都市：其他:住宅區,1,1,全筆移轉,05080002
RPTOMLKLJIIGFAI87DA,東川段,16.00,都市：其他:道路用地,1,1,全筆移轉,05430003
RPQNMLMLJIIGFAI67DA,竹圍子段二小段,15.33,都市：其他:住宅區,10000,50,持分移轉,01140000
RPRNMLKLJIIGFAI67EA,盧厝段,70.00,都市：其他:住宅區,1,1,全筆移轉,04320003
RPROMLKKJIIGFAI57DA,竹村段,18.71,都市：其他:住宅區,10000,86,持分移轉,04770000
RPSOMLKKJIIGFAI67DA,永安段,33.37,都市：其他:住宅區,100000,719,持分移轉,09220000
RPQOMLKKJIIGFAI47DA,竹圍子段二小段,9.56,都市：其他:住宅區,10000,23,持分移轉,01120000
RPRNMLRJJIIGFAI08DA,竹圍子段二小段,14.70,都市：其他:住宅區,10000,90,持分移轉,02530000
RPVOMLKLJIIGFAI08DA,劉厝段玉山小段,102.15,都市：其他:住宅區,1,1,全筆移轉,03230009
RPQQMLKMIIIGFAI77DA,車店段車店小段,177.00,都市：其他:商業區,1,1,全筆移轉,04090000
RPSOMLPKJIIGFAI18DA,車店段,25.80,都市：其他:住宅區,12000,130,持分移轉,03750000
RPVNMLKLJIIGFAI97DA,下路頭段,46.00,都市：其他:住宅區,1,1,全筆移轉,02250008
RPSOMLPKJIIGFAI18DA,車店段,1.57,都市：其他:住宅區,12000,130,持分移轉,03850012
RPUNMLKLJIIGFAI87DA,竹圍子段二小段,1.14,都市：其他:商業區,10000,7,持分移轉,00260000
RPPNMLNLJIIGFAI67DA,湖子內段興安小段,86.45,都市：其他:住宅區,1,1,全筆移轉,00170000
RPPOMLMLJIIGFAI67DA,台斗坑段,37.75,都市：其他:住宅區,10000,66,持分移轉,03240003
RPXOMLNLJIIGFAI58DA,劉厝段劉厝小段,70.00,都市：其他:住宅區,1,1,全筆移轉,02030099
RPRNMLQJIIIGFAI87DA,台斗坑段,110.00,都市：其他:住宅區,1,1,全筆移轉,01360005
RPPNMLTKJIIGFAI18DA,竹圍子段,27.37,都市：其他:住宅區,10000,99,持分移轉,02450006
RPSNMLQKJIIGFAI18DA,竹圍子段友愛小段,2.00,都市：其他:住宅區,1,1,全筆移轉,00890000
RPUNMLMLJIIGFAI08DA,湖子內段新民小段,175.90,都市：其他:住宅區,1,1,全筆移轉,01230005
RPTNMLMLJIIGFAI97DA,長竹段,46.02,都市：其他:住宅區,10000,388,持分移轉,01610000
RPWNMLMLJIIGFAI28DA,下路頭段,62.00,都市：其他:住宅區,1,1,全筆移轉,08200029
RPVNMLMLJIIGFAI18DA,短竹段,29.17,都市：其他:住宅區,50000,245,持分移轉,09120071
RPOOMLMLJIIGFAI57DA,下路頭段,2.00,都市：其他:住宅區,1,1,全筆移轉,07490027
RPOOMLMLJIIGFAI57DA,下路頭段,82.00,都市：其他:住宅區,1,1,全筆移轉,07500036
RPROMLNLJIIGFAI97DA,湖子內段湖美小段,299.60,都市：其他:住宅區,1,1,全筆移轉,01380001
RPROMLNLJIIGFAI97DA,湖子內段湖美小段,128.29,都市：其他:住宅區,1,1,全筆移轉,01390001
RPSNMLRLJIIGFAI38DA,湖子內段興安小段,100.85,都市：其他:住宅區,1,1,全筆移轉,03120021
RPWNMLLMIIIGFAI18DA,竹村段,1641.07,,1,1,全筆移轉,11060001
RPTNMLTKJIIGFAI58DA,下路頭段,60.00,都市：其他:住宅區,1,1,全筆移轉,04350056
RPOOMLLLJIIGFAI47DA,竹圍子段三小段,24.07,都市：其他:住宅區,10000,372,持分移轉,02000000
RPSOMLNLJIIGFAI08DA,盧厝段,18.55,都市：其他:住宅區,10000,97,持分移轉,02970057
RPVOMLNLJIIGFAI38DA,下路頭段,80.48,都市：其他:道路用地,6000,545,持分移轉,04810001
RPWNMLLLJIIGFAI18DA,湖子內段興安小段,111.63,都市：其他:住宅區,1,1,全筆移轉,01340003
RPUOMLOLJIIGFAI38DA,車店段車店小段,17.67,都市：其他:住宅區,10000,89,持分移轉,00460056
RPXNMLRLJIIGFAI88DA,民族段一小段,60.73,都市：其他:道路用地,1000,87,持分移轉,00410001
RPWNMLRLJIIGFAI78DA,北社尾段保安小段,7.73,都市：其他:住宅區,10000,60,持分移轉,06120000
RPQNMLSLJIIGFAI28DA,東川段,83.00,都市：其他:住宅區,1,1,全筆移轉,02180003
RPPOMLRLJIIGFAI18DA,湖子內段新民小段,117.91,都市：其他:第三種休閒專用區,1,1,全筆移轉,04200013
RPVOMLOKJIIGFAI38DA,西門段八小段,62.00,都市：其他:商業區,1,1,全筆移轉,00080027
RPVOMLOKJIIGFAI38DA,西門段八小段,52.00,都市：其他:商業區,1,1,全筆移轉,00080028
RPVOMLOKJIIGFAI38DA,西門段八小段,6.00,都市：其他:商業區,1,1,全筆移轉,00080034
RPVNMLSLJIIGFAI78DA,盧厝段,7.60,都市：其他:住宅區,10000,14,持分移轉,02600004
RPQOMLPKJIIGFAI97DA,盧東段,19.84,都市：其他:住宅區,100000,3335,持分移轉,04360000
RPQOMLPKJIIGFAI97DA,盧東段,118.49,都市：其他:住宅區,1,1,全筆移轉,04360010
RPQOMLPKJIIGFAI97DA,盧東段,.07,都市：其他:農業區,72,1,持分移轉,04700004
RPSNMLLLJIIGFAI77DA,新富段三小段,32.55,都市：其他:商業區,15798600,2610228,持分移轉,00350000
RPSNMLLLJIIGFAI77DA,新富段三小段,72.00,都市：其他:商業區,1,1,全筆移轉,00550000
RPRNMLMLJIIGFAI77DA,草地尾段,5.95,,10000,11,持分移轉,13830000
RPTOMLNLJIIGFAI18DA,港子坪段港坪小段,106.00,,1,1,全筆移轉,01350015
RPROMLSLJIIGFAI48DA,下路頭段,25.77,都市：其他:住宅區,10000,201,持分移轉,01810009
RPROMLSLJIIGFAI48DA,下路頭段,.02,都市：其他:住宅區,10000,201,持分移轉,01810024
RPQOMLRLJIIGFAI28DA,竹圍子段二小段,5.75,都市：其他:住宅區,10000,68,持分移轉,02220000
RPSOMLKLJIIGFAI77DA,竹圍子段,57.00,都市：其他:住宅區,1,1,全筆移轉,02090030
RPRNMLTLJIIGFAI48DA,短竹段,83.00,都市：其他:住宅區,1,1,全筆移轉,16220003
RPRNMLTLJIIGFAI48DA,短竹段,7.00,都市：其他:住宅區,1,1,全筆移轉,16220016
RPVOMLOLJIIGFAI48DA,北社尾段保安小段,94.00,都市：其他:住宅區,1,1,全筆移轉,01110000
RPSOMLSLJIIGFAI58DA,長竹段,4.40,都市：其他:住宅區,10000,65,持分移轉,10540000
RPROMLKMJIIGFAI77DA,長竹段,72.00,都市：其他:住宅區,1,1,全筆移轉,07980000
RPPNMLLJKIIGFAI37DA,台斗坑段,.40,都市：其他:住宅區,100000,7,持分移轉,03240003
RPQOMLTJJIIGFAI28DA,北社尾段,61.00,都市：其他:住宅區,1,1,全筆移轉,06600065
RPQNMLRKJIIGFAI08DA,盧厝段,144.00,都市：其他:住宅區,1,1,全筆移轉,04090026
RPUNMLLLJIIGFAI97DA,盧厝段,43.56,都市：其他:住宅區,100000,186,持分移轉,03020000
RPTNMLRLJIIGFAI48DA,南田段,31.05,都市：其他:住宅區,1,1,全筆移轉,09020000
RPQNMLKLJIIGFAI47DA,中山段三小段,.14,都市：其他:住宅區,10000,62,持分移轉,00210006
RPQNMLKLJIIGFAI47DA,中山段三小段,22.18,都市：其他:住宅區,10000,62,持分移轉,00250000
RPRNMLPJKIIGFAI97DA,彌陀段,244.00,都市：其他:住宅區,1,1,全筆移轉,06850000
RPTNMLKMJIIGFAI87DA,竹圍子段三小段,36.00,都市：其他:住宅區,14130,360,持分移轉,00420000
RPPNMLPJKIIGFAI87EA,北園段,86.00,都市：其他:住宅區,1,1,全筆移轉,11940008
RPPNMLPJKIIGFAI87EA,北園段,4.00,都市：其他:住宅區,1,1,全筆移轉,11950002
RPXNMLLLJIIGFAI28DA,劉厝段玉山小段,654.29,,1,1,全筆移轉,02980001
RPWOMLOLJIIGFAI58DA,車店段車店小段,109.00,都市：其他:住宅區,1,1,全筆移轉,03060002
RPXOMLOLJIIGFAI68DA,中庄段,42.46,都市：其他:住宅區,70,1,持分移轉,07120000
RPRPMLNLJIIGFAI08DA,興村段,12.60,都市：其他:商業區,18130,126,持分移轉,01340000
RPPPMLNLJIIGFAI87DA,竹村段,28.07,都市：其他:住宅區,10000,129,持分移轉,04770000
RPQNMLNJJIIGFAI67EA,民族段六小段,.75,都市：其他:公園道用地,16,3,持分移轉,00400000
RPQNMLNJJIIGFAI67EA,民族段六小段,23.44,都市：其他:公園道用地,16,3,持分移轉,00400001
RPSNMLTKJIIGFAI48DA,宣信段,22.17,都市：其他:住宅區,10000,122,持分移轉,10770000
RPQNMLPJKIIGFAI97EA,車店段車店小段,77.00,都市：其他:住宅區,1,1,全筆移轉,09140005
RPPNMLQJKIIGFAI97EA,彌陀段,72.00,都市：其他:住宅區,1,1,全筆移轉,09000000
RPQNMLPLJIIGFAI97DA,北社尾段保安小段,12.76,都市：其他:住宅區,10000,99,持分移轉,06120000
RPSOMLPLJIIGFAI28DA,下路頭段,170.00,都市：其他:住宅區,1,1,全筆移轉,04300177
RPQNMLPLIIIGFAI87DA,湖內段,36.38,都市：其他:住宅區,20000,198,持分移轉,02360000
RPUNMLOLJIIGFAI28DA,車店段車店小段,13.37,都市：其他:住宅區,10000,159,持分移轉,06590001
RPQOMLRKIIIGFAI08DA,北社尾段,10.57,都市：其他:住宅區,10000,23,持分移轉,07120001
RPPNMLPJKIIGFAI77DA,車店段車店小段,91.00,都市：其他:住宅區,1,1,全筆移轉,07570004
RPWNMLTLJIIGFAI98DA,北社尾段保安小段,7.73,都市：其他:住宅區,10000,60,持分移轉,06120000
RPUOMLLJKIIGFAI97DA,後庄段,67.00,都市：其他:商業區,1,1,全筆移轉,06740026
RPQNMLOKRHIGFAI48DA,短竹段,.31,都市：其他:住宅區,100000,505,持分移轉,16680000
RPQNMLOKRHIGFAI48DA,短竹段,4.94,都市：其他:住宅區,100000,505,持分移轉,16690000
RPUNMLMKRHIGFAI68DA,車店段車店小段,96.00,都市：其他:住宅區,1,1,全筆移轉,02500005
RPWNMLPKRHIGFAI56DA,短竹段,.31,都市：其他:住宅區,100000,505,持分移轉,16680000
RPWNMLPKRHIGFAI56DA,短竹段,4.94,都市：其他:住宅區,100000,505,持分移轉,16690000
RPXNMLOKRHIGFAI56DA,溪東段,13.95,,4,1,持分移轉,09010000
RPXNMLOKRHIGFAI56DA,溪東段,72.00,,2,1,持分移轉,09020000
RPWNMLTKRHIGFAI96DA,劉厝段玉山小段,26.25,都市：其他:商業區,100000,1446,持分移轉,01170000
RPTNMLPKRHIGFAI88DA,車店段車店小段,5.16,都市：其他:住宅區,10000,26,持分移轉,00460056
RPPNMLLLRHIGFAI28EA,短竹段,16.00,都市：其他:住宅區,1,1,全筆移轉,15030009
RPPNMLLLRHIGFAI28EA,短竹段,17.00,都市：其他:住宅區,1,1,全筆移轉,15030010
RPQNMLLLRHIGFAI28DA,新白川段,36.37,都市：其他:住宅區,100000,725,持分移轉,00480000
RPPPMLLJRHIGFAI18DA,下路頭段,7.00,都市：其他:道路用地,1,1,全筆移轉,04210196
RPPNMLMLRHIGFAI38EA,新太平段,13.78,都市：其他:住宅區,10000,17,持分移轉,05410000
RPOOMLSKRHIGFAI78DA,盧厝段,45.14,都市：其他:保護區,58,2,持分移轉,02410011
RPOOMLSKRHIGFAI78DA,盧厝段,17.17,都市：其他:住宅區,29,1,持分移轉,02420097
RPOOMLSKRHIGFAI78DA,盧厝段,21.07,都市：其他:住宅區,29,1,持分移轉,02420106
RPOOMLSKRHIGFAI78DA,盧厝段,140.00,都市：其他:住宅區,1,1,全筆移轉,02420119
RPOOMLSKRHIGFAI78DA,盧厝段,.41,都市：其他:住宅區,29,1,持分移轉,02420123
RPOOMLSKRHIGFAI78DA,盧厝段,.41,都市：其他:住宅區,29,1,持分移轉,02420124
RPOOMLSKRHIGFAI78DA,盧厝段,.14,都市：其他:住宅區,29,1,持分移轉,02420138
RPOOMLSKRHIGFAI78DA,盧厝段,.93,都市：其他:住宅區,29,1,持分移轉,02420139
RPOOMLSKRHIGFAI78DA,盧厝段,.48,都市：其他:住宅區,29,1,持分移轉,02420140
RPQNMLKLRHIGFAI18DA,車店段,68.00,都市：其他:住宅區,1,1,全筆移轉,04000011
RPQNMLKLRHIGFAI18DA,車店段,68.00,都市：其他:住宅區,1,1,全筆移轉,04000012
RPQNMLNLRHIGFAI58EA,竹圍子段二小段,18.11,都市：其他:商業區,10000,199,持分移轉,00140000
RPPNMLNLRHIGFAI48EA,港子坪段,15.18,都市：其他:住宅區,10000,105,持分移轉,02030005
RPQNMLMLRHIGFAI38DA,下路頭段,8.00,都市：其他:住宅區,1,1,全筆移轉,07760018
RPQNMLMLRHIGFAI38DA,下路頭段,42.00,都市：其他:住宅區,1,1,全筆移轉,07760027
RPSNMLPLRHIGFAI88DA,盧厝段,2.00,都市：其他:住宅區,1,1,全筆移轉,06610105
RPSNMLPLRHIGFAI88DA,盧厝段,162.00,都市：其他:住宅區,1,1,全筆移轉,06610116
RPSNMLPLRHIGFAI88DA,盧厝段,1.00,都市：其他:住宅區,1,1,全筆移轉,06610117
RPQNMLNLRHIGFAI48DA,下路頭段,30.00,都市：其他:住宅區,1,1,全筆移轉,02950021
RPXNMLMLRHIGFAI09DA,下路頭段,20.00,都市：其他:住宅區,3,1,持分移轉,02990144
RPPNMLOLRHIGFAI48DA,元段六小段,1.40,都市：其他:商業區,9000,23,持分移轉,00400000
RPXNMLMLRHIGFAI09DA,下路頭段,2.32,都市：其他:住宅區,6000,119,持分移轉,02990145
RPXNMLMLRHIGFAI09DA,下路頭段,4.47,都市：其他:住宅區,10000,336,持分移轉,02990146
RPVNMLQJRHIGFAI09DA,下路頭段,19.74,都市：其他:住宅區,10000,97,持分移轉,01930041
RPVNMLQJRHIGFAI09DA,下路頭段,3.31,都市：其他:住宅區,10000,97,持分移轉,01930210
RPRNMLRJRHIGFAI78DA,盧東段,270.25,都市：其他:農業區,1,1,全筆移轉,09180002
RPRNMLRLRHIGFAI98DA,竹圍子段,35.34,都市：其他:住宅區,400,124,持分移轉,04100009
RPRNMLRLRHIGFAI98DA,竹圍子段,40.00,都市：其他:住宅區,1,1,全筆移轉,04110006
RPTOMLSJRHIGFAI56DA,劉厝段玉山小段,103.30,都市：其他:住宅區,1,1,全筆移轉,02950013
RPQNMLLKRHIGFAI18DA,車店段,8.13,都市：其他:住宅區,1000,8,持分移轉,01440000
RPSOMLOKRHIGFAI78DA,湖內段,18.42,都市：其他:住宅區,20000,286,持分移轉,09980000
RPSOMLOKRHIGFAI78DA,湖內段,14.57,都市：其他:住宅區,20000,286,持分移轉,10230000
RPPNMLMLRHIGFAI28DA,榮段二小段,5.48,都市：其他:商業區,10000,134,持分移轉,00540000
RPQNMLMJIIIGFAI47EA,元段三小段,79.00,都市：其他:商業區,1,1,全筆移轉,00030003
RPQNMLMJIIIGFAI47EA,元段三小段,18.00,都市：其他:道路用地,1,1,全筆移轉,00030008
RPRNMLMJIIIGFAI57EA,竹圍子段二小段,128.00,都市：其他:商業區,1,1,全筆移轉,00690000
RPPNMLSLRHIGFAI98EA,元段二小段,32.22,都市：其他:商業區,36,8,持分移轉,00010001
RPWNMLPLRHIGFAI66DA,短竹段,8.51,都市：其他:商業區,10000,115,持分移轉,04910000
RPWNMLPLRHIGFAI66DA,短竹段,.10,都市：其他:商業區,10000,115,持分移轉,04910001
RPWNMLPLRHIGFAI66DA,短竹段,7.21,都市：其他:商業區,10000,115,持分移轉,06820000
RPVNMLNJIIIGFAI97DA,何庄段,.19,都市：其他:農業區,30,1,持分移轉,08110001
RPVNMLNJIIIGFAI97DA,何庄段,81.37,都市：其他:住宅區,1,1,全筆移轉,08130007
RPVNMLNJIIIGFAI97DA,何庄段,18.85,都市：其他:住宅區,10000,309,持分移轉,08130024
RPSNMLOJIIIGFAI87EA,新富段一小段,153.00,都市：其他:商業區,1,1,全筆移轉,00380004
RPSNMLOJIIIGFAI87EA,新富段一小段,3.00,都市：其他:商業區,1,1,全筆移轉,00380012
RPROMLQLRHIGFAI98DA,短竹段,3.49,都市：其他:住宅區,20000,34,持分移轉,09120070
RPUNMLNJIIIGFAI87DA,短竹段,3.59,都市：其他:住宅區,20000,35,持分移轉,09120070
RPQNMLNJIIIGFAI47DA,竹圍子段三小段,32.53,都市：其他:住宅區,10000,464,持分移轉,00700000
RPWNMLOJIIIGFAI18DA,永安段,30.32,都市：其他:住宅區,10,1,持分移轉,05640000
RPRNMLSKRHIGFAI98DA,彌陀段,.56,都市：其他:住宅區,100000,30,持分移轉,05820000
RPSNMLSKRHIGFAI09DA,彌陀段,.56,都市：其他:住宅區,10000,3,持分移轉,05820000
RPSNMLMLRHIGFAI58DA,彌陀段,.56,都市：其他:住宅區,10000,3,持分移轉,05820000
RPOOMLQLRHIGFAI68DA,湖內段,25.75,都市：其他:住宅區,28060,514,持分移轉,06070000
RPXNMLQLRHIGFAI86DA,興村段,30.81,都市：其他:住宅區,1000,78,持分移轉,02110000
RPPOMLQLRHIGFAI78DA,北社尾段,12.90,都市：其他:住宅區,10000,72,持分移轉,04880000
RPXNMLOJIIIGFAI28DA,下路頭段,8.16,都市：其他:住宅區,10000,15,持分移轉,00970000
RPOOMLMJIIIGFAI27DA,宣信段,23.26,都市：其他:住宅區,10000,128,持分移轉,10770000
RPRNMLLKIIIGFAI57EA,鳥岫段,4110.57,都市：其他:農業區,1,1,全筆移轉,01870000
RPPNMLLKIIIGFAI37EA,垂楊段,14.95,都市：其他:住宅區,1,1,全筆移轉,05580000
RPUNMLMJIIIGFAI77DA,竹村段,1722.89,都市：其他:農業區,1,1,全筆移轉,06970000
RPSNMLMJIIIGFAI57DA,盧厝段,7.00,都市：其他:農業區,1,1,全筆移轉,06650057
RPSNMLMJIIIGFAI57DA,盧厝段,32.00,都市：其他:農業區,1,1,全筆移轉,06650058
RPSNMLMJIIIGFAI57DA,盧厝段,5.00,都市：其他:住宅區,1,1,全筆移轉,06650059
RPPNMLPJIIIGFAI57DA,中山段三小段,8.38,都市：其他:住宅區,10000,179,持分移轉,00300006
RPPNMLMKIIIGFAI47EA,遠東段,19.76,都市：其他:住宅區,100000,354,持分移轉,00680000
RPTNMLLKIIIGFAI67DA,港子坪段港坪小段,86.00,都市：其他:住宅區,1,1,全筆移轉,02740016
RPRNMLMJIIIGFAI47DA,下路頭段,69.00,都市：其他:商業區,1,1,全筆移轉,02270307
RPPNMLMKIIIGFAI37DA,竹圍子段三小段,11.05,都市：其他:住宅區,10000,93,持分移轉,01620000
RPUNMLMKIIIGFAI87DA,下路頭段,61.00,都市：其他:商業區,1,1,全筆移轉,01930095
RPRNMLMKIIIGFAI67EA,荖藤段,78.00,都市：其他:住宅區,1,1,全筆移轉,04550004
RPQOMLMKIIIGFAI57DA,湖子內段新民小段,126.61,都市：其他:第三種休閒專用區,1,1,全筆移轉,04200005
RPSNMLRLRHIGFAI09DA,短竹段,5.48,都市：其他:住宅區,50000,46,持分移轉,09120071
RPPNMLNKIIIGFAI47DA,檜段七小段,5.81,都市：其他:商業區,10000,75,持分移轉,00010038
RPVNMLMJIIIGFAI87DA,竹圍子段,67.00,都市：其他:住宅區,1,1,全筆移轉,02340005
RPQNMLNKIIIGFAI57DA,中庄段,37.24,都市：其他:住宅區,70,1,持分移轉,07060000
RPXNMLKLRHIGFAI88DA,竹圍子段二小段,10.12,都市：其他:住宅區,10000,62,持分移轉,02530000
RPRNMLNJIIIGFAI57DA,車店段,23.46,都市：其他:住宅區,1000,74,持分移轉,03960001
RPUNMLOJIIIGFAI97DA,港子坪段港坪小段,87.00,都市：其他:住宅區,1,1,全筆移轉,00440006
RPRNMLSLRHIGFAI09DA,後庄段,90.00,都市：其他:住宅區,1,1,全筆移轉,14500000
RPPNMLMJIIIGFAI27DA,下路頭段,9.24,都市：其他:住宅區,10000,17,持分移轉,00970000
RPQNMLSLRHIGFAI98DA,彌陀段,21.06,都市：其他:住宅區,10000,113,持分移轉,05820000
RPTNMLMKIIIGFAI77DA,劉厝段玉山小段,134.41,都市：其他:住宅區,1,1,全筆移轉,02280003
RPPNMLRKIIIGFAI97EA,檜段七小段,24.00,都市：其他:商業區,1,1,全筆移轉,00050010
RPPNMLRKIIIGFAI97EA,北社尾段,447.00,都市：其他:道路用地,1,1,全筆移轉,07170025
RPVNMLRKIIIGFAI48DA,盧厝段,97.00,都市：其他:農業區,1,1,全筆移轉,00780017
RPOOMLLKRHIGFAI08DA,湖子內段興安小段,95.06,都市：其他:住宅區,1,1,全筆移轉,00920004
RPUNMLLLRHIGFAI68DA,興村段,33.36,都市：其他:住宅區,7000,100,持分移轉,01720000
RPSNMLRKIIIGFAI18DA,西門段四小段,7.29,都市：其他:商業區,10000,73,持分移轉,00800000
RPPOMLRKIIIGFAI97DA,北園段,2866.00,都市：其他:農業區,1,1,全筆移轉,03270000
RPUNMLRKIIIGFAI38DA,下路頭段,7.61,都市：其他:住宅區,10000,14,持分移轉,00970000
RPRNMLRKIIIGFAI08DA,湖內段,.14,都市：其他:住宅區,100000,904,持分移轉,13820003
RPRNMLRKIIIGFAI08DA,湖內段,5.00,都市：其他:住宅區,100000,831,持分移轉,13940000
RPQNMLRLRHIGFAI88DA,劉厝段玉山小段,176.33,都市：其他:住宅區,1,1,全筆移轉,03300005
RPRNMLMLRHIGFAI48DA,車店段車店小段,8.58,都市：其他:住宅區,10000,66,持分移轉,05850000
RPROMLRKIIIGFAI18DA,下路頭段,3.62,都市：其他:住宅區,10000,309,持分移轉,02990145
RPROMLRKIIIGFAI18DA,下路頭段,2.91,都市：其他:住宅區,10000,219,持分移轉,02990146
RPROMLRKIIIGFAI18DA,下路頭段,33.72,都市：其他:住宅區,10000,439,持分移轉,02990147
RPQNMLRKIIIGFAI97DA,榮段二小段,4.46,都市：其他:商業區,10000,109,持分移轉,00540000
RPPNMLRKIIIGFAI87DA,榮段二小段,4.46,都市：其他:商業區,10000,109,持分移轉,00540000
RPWNMLSKIIIGFAI68DA,湖內段,19.94,都市：其他:商業區,27700,200,持分移轉,03180000
RPSNMLSKIIIGFAI38EA,埤子頭段,16.74,都市：其他:住宅區,10000,46,持分移轉,03120000
RPOOMLTKIIIGFAI08DA,下路頭段,58.00,都市：其他:住宅區,1,1,全筆移轉,04750103
RPTOMLTKIIIGFAI58DA,湖子內段興安小段,120.91,都市：其他:住宅區,1,1,全筆移轉,03110008
RPQOMLTKIIIGFAI28DA,竹圍子段,83.00,都市：其他:住宅區,1,1,全筆移轉,03670012
RPPNMLTKIIIGFAI18EA,湖內段,87.00,都市：其他:住宅區,1,1,全筆移轉,06190026
RPVNMLOJIIIGFAI08DA,導明段,3.48,都市：其他:住宅區,6280,260,持分移轉,02860000
RPVNMLOJIIIGFAI08DA,導明段,22.57,都市：其他:住宅區,6280,260,持分移轉,02870000
RPTNMLLKRHIGFAI48DA,興村段,3.10,都市：其他:商業區,10000,100,持分移轉,01330000
RPTNMLLKRHIGFAI48DA,興村段,18.69,都市：其他:商業區,10000,100,持分移轉,01490000
RPTPMLTKIIIGFAI68DA,下路頭段,68.00,都市：其他:住宅區,1,1,全筆移轉,05850024
RPQPMLTKIIIGFAI38DA,車店段車店小段,32.22,都市：其他:住宅區,100000,714,持分移轉,01220000
RPRPMLTKIIIGFAI48DA,竹圍子段,.14,都市：其他:住宅區,100000,2857,持分移轉,00160011
RPRPMLTKIIIGFAI48DA,竹圍子段,37.85,都市：其他:住宅區,10000,285,持分移轉,00190004
RPSNMLKLIIIGFAI57DA,台斗坑段,41.18,都市：其他:住宅區,10000,72,持分移轉,03240003
RPQNMLNLIIIGFAI67DA,港子坪段港坪小段,33.24,都市：其他:住宅區,2385,101,持分移轉,02560000
RPXNMLKLIIIGFAI08DA,竹圍子段,129.00,都市：其他:住宅區,1,1,全筆移轉,02360013
RPPNMLNLIIIGFAI57DA,檜段七小段,1.72,都市：其他:商業區,84730,52,持分移轉,00120005
RPSNMLNLIIIGFAI87DA,下路頭段,8.00,都市：其他:住宅區,1,1,全筆移轉,07760019
RPSNMLNLIIIGFAI87DA,下路頭段,42.00,都市：其他:住宅區,1,1,全筆移轉,07760026
RPVOMLTKIIIGFAI78DA,下路頭段,116.00,都市：其他:住宅區,1,1,全筆移轉,02090029
RPUNMLOLIIIGFAI18DA,檜段七小段,5.74,都市：其他:商業區,10000,74,持分移轉,00010038
RPPNMLQLIIIGFAI97EA,大溪段,150.81,都市：其他:農業區,3,2,持分移轉,04190000
RPQNMLQKIIIGFAI87DA,彌陀段,23.61,都市：其他:住宅區,10000,73,持分移轉,05230000
RPSPMLTKIIIGFAI58DA,湖子內段新民小段,93.93,都市：其他:休閒專用區,1,1,全筆移轉,04150018
RPSPMLTKIIIGFAI58DA,湖子內段新民小段,.72,都市：其他:休閒專用區,36744,72,持分移轉,04150019
RPTNMLNLIIIGFAI97DA,遠東段,16.80,都市：其他:住宅區,10000,18,持分移轉,00680007
RPTOMLNLIIIGFAI08DA,竹圍子段二小段,9.14,都市：其他:住宅區,10000,22,持分移轉,01120000
RPSOMLOLIIIGFAI08DA,東門段七小段,9.18,都市：其他:商業區,10000,72,持分移轉,00590000
RPVOMLOLIIIGFAI38DA,竹圍子段,20.76,都市：其他:住宅區,10000,246,持分移轉,02600001
RPPNMLPLIIIGFAI77DA,彌陀段,1.45,都市：其他:道路用地,120,1,持分移轉,12670000
RPVNMLPLIIIGFAI38DA,彌陀段,67.00,都市：其他:住宅區,1,1,全筆移轉,08950000
RPVNMLTKIIIGFAI68DA,興村段,80.00,都市：其他:住宅區,1,1,全筆移轉,01150093
RPTNMLOKIIIGFAI97DA,湖子內段湖美小段,88.66,都市：其他:第三種休閒專用區,1,1,全筆移轉,05580002
RPWOMLNKIIIGFAI28DA,車店段車店小段,.50,都市：其他:住宅區,17850000,1840,持分移轉,00450000
RPTNMLOLIIIGFAI08DA,盧厝段,21.72,都市：其他:住宅區,10000,74,持分移轉,02490005
RPTNMLPLIIIGFAI18DA,盧東段,13.22,都市：其他:住宅區,100000,2223,持分移轉,04360000
RPTNMLPLIIIGFAI18DA,盧東段,97.44,都市：其他:住宅區,1,1,全筆移轉,04360023
RPTNMLPLIIIGFAI18DA,盧東段,.07,都市：其他:農業區,72,1,持分移轉,04700004
RPSPMLPLIIIGFAI28DA,民族段二小段,71.00,都市：其他:道路用地,1,1,全筆移轉,00010000
RPQNMLQLIIIGFAI97DA,下路頭段,90.00,都市：其他:住宅區,1,1,全筆移轉,05700166
RPQOMLPKRHIGFAI68DA,湖子內段興安小段,143.92,都市：其他:住宅區,1,1,全筆移轉,03330001
RPQNMLMKIIIGFAI47DA,下路頭段,38.50,都市：其他:住宅區,4,1,持分移轉,02940000
RPSNMLNKIIIGFAI77DA,劉厝段玉山小段,162.39,都市：其他:住宅區,1,1,全筆移轉,02060000
RPTNMLNKIIIGFAI87DA,劉厝段玉山小段,158.19,,1,1,全筆移轉,02060002
RPUNMLNKIIIGFAI97DA,劉厝段玉山小段,158.19,,1,1,全筆移轉,02060003
RPVNMLNKIIIGFAI08DA,劉厝段玉山小段,158.19,,1,1,全筆移轉,02060004
RPOPMLOLIIIGFAI77DA,東川段,132.00,都市：其他:機關用地,1,1,全筆移轉,08300002
RPOPMLOLIIIGFAI77DA,東川段,102.00,都市：其他:機關用地,1,1,全筆移轉,08300004
RPTPMLPLIIIGFAI38DA,後庄段,76.00,都市：其他:商業區,1,1,全筆移轉,07370004
RPWNMLNKIIIGFAI18DA,劉厝段玉山小段,163.02,,1,1,全筆移轉,02060005
RPPNMLQLIIIGFAI87DA,湖子內段興安小段,16.12,都市：其他:住宅區,10000,76,持分移轉,01080000
RPPNMLQLIIIGFAI87DA,湖子內段興安小段,.60,都市：其他:住宅區,10000,91,持分移轉,01080001
RPPNMLQLIIIGFAI87DA,湖子內段興安小段,.07,都市：其他:住宅區,10000,16,持分移轉,01080002
RPPNMLQLIIIGFAI87DA,湖子內段興安小段,1.10,都市：其他:住宅區,10000,96,持分移轉,01080003
RPPNMLQLIIIGFAI87DA,湖子內段興安小段,.08,都市：其他:住宅區,10000,4,持分移轉,01080004
RPPNMLQLIIIGFAI87DA,湖子內段興安小段,14.41,都市：其他:住宅區,10000,306,持分移轉,01080005
RPPOMLQLIIIGFAI97DA,盧厝段,115.00,都市：其他:住宅區,1,1,全筆移轉,02580150
RPUNMLQKIIIGFAI28DA,湖子內段興安小段,135.40,都市：其他:住宅區,1,1,全筆移轉,01460000
RPOOMLQKIIIGFAI77DA,竹圍子段一小段,10.50,都市：其他:住宅區,10000,92,持分移轉,00030000
RPTNMLQKIIIGFAI18DA,新白川段,20.63,都市：其他:住宅區,1,1,全筆移轉,01960000
RPTNMLQKIIIGFAI18DA,新白川段,36.27,都市：其他:住宅區,1,1,全筆移轉,01970000
RPTNMLRLIIIGFAI38DA,台斗坑段,25.07,都市：其他:住宅區,10000,250,持分移轉,03220002
RPUNMLRLIIIGFAI48DA,劉厝段玉山小段,84.18,都市：其他:住宅區,1,1,全筆移轉,00100004
RPPNMLRLIIIGFAI97DA,竹圍子段三小段,110.00,都市：其他:住宅區,1,1,全筆移轉,00810002
RPVNMLRLIIIGFAI58DA,台斗坑段,30.55,都市：其他:住宅區,20,1,持分移轉,04290009
RPQNMLKMIIIGFAI47DA,八掌段,59.66,都市：其他:農業區,1000,102,持分移轉,01690001
RPQNMLKMIIIGFAI47DA,八掌段,329.00,都市：其他:農業區,1,1,全筆移轉,01690012
RPQNMLKMIIIGFAI47DA,八掌段,1.06,都市：其他:農業區,11,1,持分移轉,01690018
RPQNMLKMIIIGFAI47DA,八掌段,8.93,都市：其他:農業區,11,1,持分移轉,01690020
RPVNMLQLIIIGFAI48DA,下路頭段,4.89,都市：其他:住宅區,10000,9,持分移轉,00970000
RPSNMLRLIIIGFAI28DA,新富段四小段,4.37,都市：其他:商業區,10000,8,持分移轉,00080000
RPQNMLRLRHIGFAI98EA,台斗坑段,.77,都市：其他:住宅區,10000,2,持分移轉,04540002
RPQNMLRLRHIGFAI98EA,台斗坑段,.00,都市：其他:住宅區,10000,2,持分移轉,04540023
RPWNMLRLIIIGFAI68DA,湖內段,.29,都市：其他:住宅區,4100,59,持分移轉,00880000
RPWNMLRLIIIGFAI68DA,湖內段,3.07,都市：其他:住宅區,24100,347,持分移轉,00890000
RPWNMLRLIIIGFAI68DA,湖內段,4.49,都市：其他:住宅區,37500,540,持分移轉,00910000
RPWNMLRLIIIGFAI68DA,下路頭段,4.38,都市：其他:住宅區,30400,438,持分移轉,07490000
RPWNMLRLIIIGFAI68DA,下路頭段,8.90,都市：其他:住宅區,6220,89,持分移轉,07500034
RPVNMLKMIIIGFAI97DA,湖子內段興安小段,139.57,都市：其他:住宅區,1,1,全筆移轉,00080003
RPSNMLLMIIIGFAI77DA,民族段二小段,8.88,都市：其他:住宅區,10000,205,持分移轉,00110003
RPROMLLMIIIGFAI77DA,興村段,18.71,都市：其他:住宅區,1000,29,持分移轉,01300001
RPROMLLMIIIGFAI77DA,興村段,10.03,都市：其他:住宅區,33,1,持分移轉,01300003
RPROMLLMIIIGFAI77DA,興村段,3.33,都市：其他:住宅區,33,1,持分移轉,01300006
RPPNMLMJJIIGFAI37DA,埤子頭段,11.38,都市：其他:商業區,10000,136,持分移轉,01600003
RPRNMLLJJIIGFAI47DA,竹圍子段中興小段,8.82,都市：其他:商業區,61700,882,持分移轉,01150000
RPQNMLLJJIIGFAI37DA,下路頭段,9.79,都市：其他:住宅區,10000,18,持分移轉,00970000
RPROMLNKIIIGFAI77DA,宣信段,23.21,都市：其他:住宅區,1,1,全筆移轉,02130000
RPPNMLMJJIIGFAI47EA,竹圍子段,22.58,都市：其他:住宅區,10000,163,持分移轉,03100000
RPVOMLMJJIIGFAI08DA,竹圍子段中興小段,8.82,都市：其他:商業區,61700,882,持分移轉,01150000
RPSNMLOJIIIGFAI77DA,新太平段,14.59,都市：其他:住宅區,10000,18,持分移轉,05410000
RPRNMLNJJIIGFAI67DA,新富段一小段,.69,都市：其他:商業區,5950,195,持分移轉,00080000
RPRNMLNJJIIGFAI67DA,南門段七小段,18.81,都市：其他:商業區,5950,195,持分移轉,00100000
RPQNMLQJJIIGFAI97EA,南門段五小段,13.96,都市：其他:商業區,20000,70,持分移轉,00450000
RPRNMLRLIIIGFAI18DA,港子坪段,5.78,都市：其他:住宅區,10000,40,持分移轉,02030005
RPQNMLQJJIIGFAI97EA,南門段五小段,5.23,都市：其他:住宅區,20000,70,持分移轉,00450003
RPQNMLQJJIIGFAI97EA,南門段五小段,.68,都市：其他:住宅區,20000,70,持分移轉,00450004
RPPNMLQJJIIGFAI87EA,劉厝段玉山小段,29.22,都市：其他:商業區,100000,1610,持分移轉,01170000
RPSOMLLJJIIGFAI67DA,湖子內段興安小段,123.11,都市：其他:住宅區,1,1,全筆移轉,03110010
RPOOMLNJJIIGFAI47DA,湖子內段新民小段,100.00,都市：其他:休閒專用區,1,1,全筆移轉,04290001
RPSPMLQJJIIGFAI28DA,南田段,69.60,都市：其他:住宅區,1,1,全筆移轉,01740000
RPTNMLOJIIIGFAI87DA,下埤段,78.53,都市：其他:住宅區,10000,946,持分移轉,06460000
RPTNMLOJIIIGFAI87DA,下埤段,1.88,都市：其他:農業區,10000,946,持分移轉,06460001
RPUNMLQLIIIGFAI38DA,同興段,77.00,都市：其他:住宅區,1,1,全筆移轉,03820029
RPQNMLRJJIIGFAI08EA,車店段,44.16,都市：其他:住宅區,1000,41,持分移轉,03410032
RPOOMLLJJIIGFAI27DA,後庄段,96.00,都市：其他:商業區,1,1,全筆移轉,06740032
RPRPMLQJJIIGFAI18DA,檜段三小段,104.00,都市：其他:商業區,1,1,全筆移轉,00110088
RPSNMLRJJIIGFAI18DA,新太平段,3.11,都市：其他:道路用地,60,3,持分移轉,07850000
RPSNMLRJJIIGFAI18DA,新太平段,95.56,都市：其他:住宅區,1,1,全筆移轉,08120000
RPTNMLRJJIIGFAI28DA,湖子內段興安小段,103.96,都市：其他:住宅區,1,1,全筆移轉,02950001
RPVNMLRJJIIGFAI48DA,下路頭段,19.15,都市：其他:住宅區,10000,197,持分移轉,00920005
RPQNMLSJJIIGFAI08DA,港子坪段港坪小段,12.90,都市：其他:商業區,9990,129,持分移轉,02270000
RPQNMLTJJIIGFAI18DA,湖內段,16.62,都市：其他:住宅區,10000,129,持分移轉,09980000
RPQNMLTJJIIGFAI18DA,湖內段,13.15,都市：其他:住宅區,10000,129,持分移轉,10230000
RPSNMLNKJIIGFAI87DA,竹圍子段二小段,27.73,都市：其他:住宅區,10000,80,持分移轉,01600000
RPTNMLNKJIIGFAI97DA,竹圍子段二小段,29.11,都市：其他:住宅區,10000,84,持分移轉,01600000
RPVNMLMJJIIGFAI97DA,車店段車店小段,8.67,都市：其他:住宅區,10000,255,持分移轉,06390010
RPUNMLTJJIIGFAI58DA,下路頭段,67.00,都市：其他:住宅區,1,1,全筆移轉,01380023
RPPNMLKKJIIGFAI27DA,新富段一小段,102.00,都市：其他:住宅區,1,1,全筆移轉,00250066
RPPNMLKKJIIGFAI27DA,新富段一小段,102.00,都市：其他:住宅區,1,1,全筆移轉,00250067
RPPNMLQKIIIGFAI77DA,劉厝段劉厝小段,77.00,都市：其他:住宅區,1,1,全筆移轉,02310029
RPRNMLNLRHIGFAI58DA,盧東段,9.75,都市：其他:道路用地,35000,700,持分移轉,02200002
RPRNMLNLRHIGFAI58DA,盧東段,10.24,都市：其他:道路用地,35000,1450,持分移轉,03050000
RPRNMLNLRHIGFAI58DA,盧東段,85.20,都市：其他:住宅區,1,1,全筆移轉,03060011
RPRNMLNLRHIGFAI58DA,盧東段,.13,都市：其他:住宅區,56,1,持分移轉,03060025
RPRNMLNLRHIGFAI58DA,盧東段,.10,都市：其他:住宅區,56,1,持分移轉,03060028
RPRNMLNLRHIGFAI58DA,盧東段,.39,都市：其他:住宅區,56,1,持分移轉,03060029
RPRNMLNLRHIGFAI58DA,盧東段,10.03,都市：其他:道路用地,35000,500,持分移轉,03690001
RPTOMLMJJIIGFAI87DA,末廣段一小段,.26,都市：其他:商業區,10000,56,持分移轉,00020003
RPTOMLMJJIIGFAI87DA,新富段八小段,8.56,都市：其他:商業區,10000,56,持分移轉,00090000
RPPOMLTJJIIGFAI18DA,下路頭段,.71,都市：其他:商業區,100000,827,持分移轉,04370094
RPPOMLTJJIIGFAI18DA,下路頭段,21.61,都市：其他:商業區,100000,827,持分移轉,04370174
RPTOMLTJJIIGFAI58DA,遠東段,150.00,都市：其他:住宅區,1,1,全筆移轉,00580001
RPTOMLTJJIIGFAI58DA,遠東段,34.00,都市：其他:住宅區,12,1,持分移轉,00580008
RPTOMLTJJIIGFAI58DA,遠東段,15.00,都市：其他:住宅區,1,1,全筆移轉,00580017
RPPNMLNKJIIGFAI67EA,港子坪段港坪小段,12.84,都市：其他:住宅區,10000,85,持分移轉,02220000
RPUNMLRJJIIGFAI38DA,盧厝段,21.61,都市：其他:住宅區,10000,63,持分移轉,02600010
RPSNMLSKIIIGFAI28DA,北門段六小段,230.00,都市：其他:商業區,1,1,全筆移轉,00360000
RPUNMLOKJIIGFAI18DA,竹圍子段,107.00,都市：其他:商業區,1,1,全筆移轉,02740015
RPQNMLLMIIIGFAI57DA,台斗坑段,18.60,都市：其他:住宅區,10000,95,持分移轉,03270008
RPPNMLLMIIIGFAI47DA,盧厝段,102.00,都市：其他:住宅區,1,1,全筆移轉,01660039
RPVNMLNKJIIGFAI18DA,車店段,71.00,都市：其他:住宅區,1,1,全筆移轉,03940065
RPPNMLKLRHIGFAI08DA,港子坪段港坪小段,76.00,都市：其他:住宅區,1,1,全筆移轉,01030005
RPOOMLKKJIIGFAI27DA,湖子內段湖美小段,136.49,都市：其他:住宅區,1,1,全筆移轉,03000006
RPQNMLOKJIIGFAI77DA,下路頭段,24.00,都市：其他:住宅區,1,1,全筆移轉,05730074
RPQNMLOKJIIGFAI77DA,下路頭段,60.00,都市：其他:住宅區,1,1,全筆移轉,05730079
RPXNMLKKJIIGFAI08DA,劉厝段,.68,都市：其他:農業區,25,1,持分移轉,00630043
RPXNMLKKJIIGFAI08DA,劉厝段,19.52,都市：其他:農業區,25,1,持分移轉,00630044
RPXNMLKKJIIGFAI08DA,劉厝段,88.00,都市：其他:農業區,1,1,全筆移轉,00630046
RPQNMLQKJIIGFAI97DA,下路頭段,11.58,都市：其他:住宅區,57,20,持分移轉,02010029
RPQNMLQKJIIGFAI97DA,下路頭段,68.00,都市：其他:住宅區,1,1,全筆移轉,02010031
RPQNMLQKJIIGFAI97DA,下路頭段,8.42,都市：其他:住宅區,57,20,持分移轉,02010034
RPUNMLPKJIIGFAI28DA,培元段,59.06,都市：其他:住宅區,5,2,持分移轉,04980000
RPXNMLQKJIIGFAI68DA,竹圍子段二小段,13.01,都市：其他:住宅區,10000,154,持分移轉,02220000
RPSOMLMJJIIGFAI77DA,北園段,996.00,都市：其他:農業區,1,1,全筆移轉,07950004
RPQNMLLKJIIGFAI47DA,鳥岫段,74.97,都市：其他:住宅區,1,1,全筆移轉,05830000
RPRNMLKLJIIGFAI57DA,竹圍子段,122.00,都市：其他:住宅區,1,1,全筆移轉,03570063
RPPNMLLLJIIGFAI57EA,竹圍子段二小段,12.46,都市：其他:住宅區,10000,30,持分移轉,01120000
RPROMLPKRHIGFAI78DA,湖子內段興安小段,143.92,都市：其他:住宅區,1,1,全筆移轉,03330000
RPQOMLLLJIIGFAI67DA,竹圍子段二小段,10.94,都市：其他:商業區,10000,67,持分移轉,00260000
RPVNMLOLJIIGFAI38DA,短竹段,61.79,都市：其他:住宅區,50000,519,持分移轉,09120071
RPRNMLRKJIIGFAI18DA,同興段,15.03,都市：其他:住宅區,10000,11,持分移轉,14350000
RPPOMLNLJIIGFAI77DA,新白川段,45.80,都市：其他:住宅區,1,1,全筆移轉,04570000
RPRNMLRLJIIGFAI28DA,竹圍子段二小段,12.88,都市：其他:住宅區,10000,31,持分移轉,01120000
RPUNMLTLJIIGFAI78DA,何庄段,60.02,,100,25,持分移轉,06610004
RPUNMLTLJIIGFAI78DA,何庄段,238.70,,1,1,全筆移轉,06610005
RPOOMLSLJIIGFAI18DA,劉厝段劉厝小段,79.00,都市：其他:住宅區,1,1,全筆移轉,02020009
RPOOMLSLJIIGFAI18DA,劉厝段劉厝小段,.04,都市：其他:住宅區,1000000,1059,持分移轉,02020014
RPOOMLLJKIIGFAI37DA,湖子內段湖美小段,105.99,都市：其他:第一種休閒專用區,1,1,全筆移轉,05070009
RPOOMLLJKIIGFAI37DA,湖子內段湖美小段,21.33,都市：其他:第一種休閒專用區,16,1,持分移轉,05070014
RPPPMLQJJIIGFAI97DA,軍輝段,33.00,都市：其他:住宅區,460,33,持分移轉,00980000
RPRNMLPLJIIGFAI08DA,竹圍子段中興小段,6.29,都市：其他:商業區,61700,629,持分移轉,01150000
RPXNMLQJRHIGFAI66DA,北門段六小段,45.00,都市：其他:商業區,1,1,全筆移轉,00430002
RPXNMLQJRHIGFAI66DA,北門段六小段,21.00,都市：其他:商業區,1,1,全筆移轉,00500024
RPQOMLQJKIIGFAI08DA,港子坪段港坪小段,16.61,都市：其他:住宅區,1000,81,持分移轉,01150000
RPQOMLQJKIIGFAI08DA,港子坪段港坪小段,11.10,都市：其他:住宅區,1000,81,持分移轉,01160000
RPQOMLQJKIIGFAI08DA,港子坪段港坪小段,11.10,都市：其他:住宅區,1000,81,持分移轉,01190000
RPQOMLTLQHIGFAI09DA,北湖段,103.11,都市：其他:農業區,18,1,持分移轉,00070001
RPQOMLTLQHIGFAI09DA,北湖段,1.22,都市：其他:住宅區,18,1,持分移轉,04930000
RPQOMLTLQHIGFAI09DA,北湖段,11.39,都市：其他:住宅區,18,1,持分移轉,04950000
RPROMLTLQHIGFAI56DA,北湖段,103.11,都市：其他:農業區,18,1,持分移轉,00070001
RPROMLTLQHIGFAI56DA,北湖段,1.22,都市：其他:住宅區,18,1,持分移轉,04930000
RPROMLTLQHIGFAI56DA,北湖段,11.39,都市：其他:住宅區,18,1,持分移轉,04950000
RPVOMLNLIIIGFAI28DA,竹村段,28.29,都市：其他:住宅區,10000,130,持分移轉,04770000
RPPNMLOLIIIGFAI67DA,車店段車店小段,9.74,都市：其他:住宅區,10000,20,持分移轉,00450000
RPOPMLLJRHIGFAI08DA,下路頭段,16.00,都市：其他:道路用地,1,1,全筆移轉,04210198
RPPOMLQJRHIGFAI58DA,興村段,13.79,都市：其他:住宅區,48900,1379,持分移轉,03230006
RPPOMLQJRHIGFAI58DA,興村段,80.00,都市：其他:住宅區,1,1,全筆移轉,03230015
RPQOMLQJRHIGFAI68DA,湖子內段興安小段,90.47,都市：其他:住宅區,1,1,全筆移轉,01400004
RPPNMLRKQHIGFAI58DA,車店段,26.98,都市：其他:住宅區,100000,857,持分移轉,00880000
RPPNMLRKQHIGFAI58DA,新白川段,4.33,,100000,857,持分移轉,07650000
RPTNMLRJRHIGFAI98DA,竹圍子段,46.25,都市：其他:道路用地,24,10,持分移轉,04120004
RPTNMLQJRHIGFAI88DA,中山段七小段,4.76,都市：其他:商業區,20000,382,持分移轉,00830000
RPVNMLKKQHIGFAI48DA,下路頭段,1.58,都市：其他:住宅區,10000,395,持分移轉,05670004
RPVNMLKKQHIGFAI48DA,下路頭段,21.43,都市：其他:住宅區,10000,473,持分移轉,05670131
RPVNMLKKQHIGFAI48DA,下路頭段,79.00,都市：其他:住宅區,1,1,全筆移轉,05670132
RPPNMLLMQHIGFAI18DA,長竹段,28.06,都市：其他:住宅區,20000,318,持分移轉,01690000
RPTNMLSJRHIGFAI09DA,竹圍子段,69.00,都市：其他:住宅區,1,1,全筆移轉,00230006
RPTNMLSJRHIGFAI09DA,竹圍子段,31.00,都市：其他:住宅區,1,1,全筆移轉,00240025
RPTNMLSJRHIGFAI09DA,竹圍子段,72.00,都市：其他:住宅區,1,1,全筆移轉,00240026
RPTNMLSJRHIGFAI09DA,竹圍子段,30.00,都市：其他:住宅區,1,1,全筆移轉,00240030
RPUNMLRJRHIGFAI09DA,短竹段,4.21,都市：其他:住宅區,20000,41,持分移轉,09120070
RPSNMLSJRHIGFAI98DA,竹圍子段,63.00,都市：其他:住宅區,1,1,全筆移轉,00190001
RPSNMLSJRHIGFAI98DA,竹圍子段,119.00,都市：其他:住宅區,1,1,全筆移轉,00240006
RPSNMLSJRHIGFAI98DA,竹圍子段,3.00,都市：其他:住宅區,1,1,全筆移轉,00240029
RPSNMLSJRHIGFAI98DA,竹圍子段,9.00,都市：其他:住宅區,1,1,全筆移轉,00240031
RPVNMLSJRHIGFAI66DA,車店段,66.00,都市：其他:住宅區,1,1,全筆移轉,04000080
RPWNMLSJRHIGFAI76DA,竹圍子段,161.00,都市：其他:住宅區,1,1,全筆移轉,02490041
RPUNMLLKRHIGFAI58DA,盧厝段,23.82,都市：其他:住宅區,17,1,持分移轉,04210049
RPUNMLLKRHIGFAI58DA,盧厝段,7.82,都市：其他:住宅區,17,1,持分移轉,04210050
RPUNMLLKRHIGFAI58DA,盧厝段,6.59,都市：其他:住宅區,17,1,持分移轉,04210051
RPUNMLLKRHIGFAI58DA,盧厝段,82.00,都市：其他:住宅區,1,1,全筆移轉,04210052
RPSNMLQJRHIGFAI88EA,湖子內段湖美小段,83.17,都市：其他:住宅區,1,1,全筆移轉,01600002
RPPNMLPJRHIGFAI48EA,西門段五小段,41.13,都市：其他:商業區,300000,66331,持分移轉,00420002
RPQNMLSLQHIGFAI98EA,埤子頭段,460.71,都市：其他:住宅區,175,125,持分移轉,02950002
RPRNMLQJRHIGFAI78EA,湖子內段湖美小段,83.17,都市：其他:住宅區,1,1,全筆移轉,01600004
RPVNMLMKRHIGFAI78DA,盧東段,6.96,,35000,500,持分移轉,02200002
RPVNMLMKRHIGFAI78DA,盧東段,3.18,,35000,450,持分移轉,03050000
RPVNMLMKRHIGFAI78DA,盧東段,20.00,都市：其他:住宅區,72,20,持分移轉,03060015
RPVNMLMKRHIGFAI78DA,盧東段,85.20,都市：其他:住宅區,1,1,全筆移轉,03060016
RPVNMLMKRHIGFAI78DA,盧東段,.13,,56,1,持分移轉,03060025
RPVNMLMKRHIGFAI78DA,盧東段,.10,都市：其他:住宅區,56,1,持分移轉,03060028
RPVNMLMKRHIGFAI78DA,盧東段,.39,都市：其他:住宅區,56,1,持分移轉,03060029
RPVNMLMKRHIGFAI78DA,盧東段,4.01,,35000,200,持分移轉,03690001
RPSNMLLKRHIGFAI38DA,車店段車店小段,111.00,都市：其他:住宅區,1,1,全筆移轉,00530020
RPOOMLRJRHIGFAI58DA,埤子頭段,2.25,都市：其他:住宅區,10269720,7924,持分移轉,03390001
RPOOMLRJRHIGFAI58DA,埤子頭段,.14,都市：其他:住宅區,5184,4,持分移轉,03390012
RPOOMLRJRHIGFAI58DA,埤子頭段,.01,都市：其他:住宅區,5184,4,持分移轉,03390013
RPOOMLRJRHIGFAI58DA,埤子頭段,.03,都市：其他:住宅區,5184,4,持分移轉,03390014
RPOOMLRJRHIGFAI58DA,埤子頭段,.09,都市：其他:住宅區,5184,4,持分移轉,03390015
RPOOMLRJRHIGFAI58DA,埤子頭段,.14,都市：其他:住宅區,5184,4,持分移轉,03390016
RPOOMLRJRHIGFAI58DA,埤子頭段,.00,都市：其他:住宅區,5184,4,持分移轉,03390017
RPOOMLRJRHIGFAI58DA,埤子頭段,.01,都市：其他:道路用地,5184,4,持分移轉,03390018
RPOOMLRJRHIGFAI58DA,埤子頭段,.02,都市：其他:道路用地,5184,4,持分移轉,03390019
RPOOMLRJRHIGFAI58DA,埤子頭段,4.56,都市：其他:住宅區,10269720,7924,持分移轉,03390025
RPOOMLRJRHIGFAI58DA,埤子頭段,.01,都市：其他:道路用地,10269720,7924,持分移轉,03390026
RPOOMLRJRHIGFAI58DA,埤子頭段,.01,都市：其他:道路用地,5184,4,持分移轉,03390029
RPOOMLRJRHIGFAI58DA,埤子頭段,.01,都市：其他:住宅區,5184,4,持分移轉,03390030
RPOOMLRJRHIGFAI58DA,埤子頭段,.01,都市：其他:住宅區,5184,4,持分移轉,03390031
RPPNMLNKRHIGFAI28DA,埤子頭段新厝小段,105.00,都市：其他:住宅區,1,1,全筆移轉,00180001
RPQNMLNKRHIGFAI38DA,東川段,320.33,都市：其他:農業區,24,8,持分移轉,02250000
RPQNMLNKRHIGFAI38DA,東川段,9.67,都市：其他:住宅區,24,8,持分移轉,02280000
RPXNMLMKRHIGFAI98DA,竹圍子段,129.00,都市：其他:住宅區,1,1,全筆移轉,04020008
RPXNMLMKRHIGFAI98DA,竹圍子段,37.00,都市：其他:住宅區,1880,370,持分移轉,04020009
RPPOMLOKRHIGFAI48DA,宣信段,11.40,都市：其他:住宅區,10000,359,持分移轉,04130000
RPPOMLOKRHIGFAI48DA,宣信段,5.09,都市：其他:住宅區,10000,359,持分移轉,04140000
RPPNMLNKRHIGFAI38EA,西門段四小段,44.00,都市：其他:商業區,1,1,全筆移轉,00590010
RPPNMLNKRHIGFAI38EA,西門段四小段,15.00,都市：其他:商業區,1,1,全筆移轉,00720004
RPRNMLOJRHIGFAI48DA,竹圍子段二小段,101.00,都市：其他:住宅區,1,1,全筆移轉,02610002
RPPNMLOKRHIGFAI38DA,末廣段四小段,33.00,都市：其他:商業區,1,1,全筆移轉,00230002
RPPNMLOKRHIGFAI38DA,末廣段四小段,21.00,都市：其他:商業區,1,1,全筆移轉,00230008
RPTNMLOKRHIGFAI78DA,新白川段,38.00,都市：其他:住宅區,100000,747,持分移轉,00100000
RPXNMLTLQHIGFAI07DA,新富段六小段,61.00,都市：其他:商業區,1,1,全筆移轉,00340024
RPQNMLSJRHIGFAI88EA,新富段二小段,21.86,都市：其他:住宅區,168,2,持分移轉,00590002
RPPNMLLKRHIGFAI18EA,湖子內段湖美小段,194.05,都市：其他:住宅區,1,1,全筆移轉,01600000
RPPNMLRJRHIGFAI68EA,湖子內段湖美小段,83.17,都市：其他:住宅區,1,1,全筆移轉,01600001
RPTNMLQJRHIGFAI98EA,湖子內段湖美小段,83.17,都市：其他:住宅區,1,1,全筆移轉,01600003
RPOOMLOKRHIGFAI38DA,下路頭段,111.00,都市：其他:住宅區,1,1,全筆移轉,00940073
RPUNMLPKRHIGFAI98DA,盧厝段,86.00,都市：其他:住宅區,1,1,全筆移轉,02490103
RPPNMLPKRHIGFAI58EA,北社尾段,1.61,都市：其他:住宅區,10000,9,持分移轉,04880000
RPOOMLMKRHIGFAI18DA,盧厝段,924.00,都市：其他:住宅區,1,1,全筆移轉,04020054
RPSNMLOKRHIGFAI68DA,台斗坑段,103.00,都市：其他:住宅區,1,1,全筆移轉,01310162
RPUOMLOKRHIGFAI98DA,竹圍子段,132.00,都市：其他:住宅區,1,1,全筆移轉,03780005
RPWOMLOKRHIGFAI56DA,彌陀段,11.56,都市：其他:住宅區,10000,62,持分移轉,05820000
RPQNMLPJRHIGFAI48DA,車店段,65.00,都市：其他:住宅區,1,1,全筆移轉,04010120
RPQNMLPJRHIGFAI48DA,車店段,16.00,都市：其他:道路用地,1,1,全筆移轉,04010182
RPXOMLOKRHIGFAI66DA,民族段四小段,60.00,都市：其他:住宅區,1,1,全筆移轉,00600006
RPPNMLPKRHIGFAI48DA,頂庄段,42.00,都市：其他:住宅區,2,1,持分移轉,04110012
RPPNMLPKRHIGFAI48DA,頂庄段,11.54,都市：其他:住宅區,28,1,持分移轉,04110019
RPRNMLNKRHIGFAI48DA,陳厝段,133.14,都市：其他:住宅區,1,1,全筆移轉,01280002
RPSNMLMKRHIGFAI48DA,台斗坑段,22.94,都市：其他:住宅區,10000,148,持分移轉,03760030
RPVOMLOKRHIGFAI09DA,下路頭段,14.75,都市：其他:住宅區,8,1,持分移轉,04310133
RPVOMLOKRHIGFAI09DA,下路頭段,70.00,都市：其他:住宅區,1,1,全筆移轉,04310137
RPVOMLOKRHIGFAI09DA,下路頭段,16.93,都市：其他:住宅區,15,1,持分移轉,04310139
RPVOMLOKRHIGFAI09DA,下路頭段,2.73,都市：其他:住宅區,15,1,持分移轉,04310143
RPVNMLPKRHIGFAI09DA,東門段六小段,37.00,都市：其他:住宅區,1,1,全筆移轉,00380021
RPQNMLSKRHIGFAI88DA,劉厝段劉厝小段,6.76,都市：其他:商業區,10000,70,持分移轉,03160002
RPOOMLPKRHIGFAI48DA,下路頭段,77.00,都市：其他:住宅區,1,1,全筆移轉,00990007
RPUNMLSKRHIGFAI66DA,竹圍子段,3.84,都市：其他:市場用地,10000,22,持分移轉,01320036
RPQOMLSKRHIGFAI98DA,車店段車店小段,27.77,都市：其他:住宅區,10000,57,持分移轉,00450000
RPXNMLTKRHIGFAI07DA,南田段,82.88,都市：其他:住宅區,300,48,持分移轉,02760000
RPXNMLTKRHIGFAI07DA,南田段,10.93,都市：其他:道路用地,3,1,持分移轉,02770000
RPXNMLTKRHIGFAI07DA,南田段,7.65,都市：其他:道路用地,3,1,持分移轉,02780000
RPQNMLPKRHIGFAI68EA,溪東段,51.69,都市：其他:住宅區,3,1,持分移轉,09510000
RPPNMLSKRHIGFAI88EA,竹圍子段,23.42,都市：其他:住宅區,10000,96,持分移轉,00210000
RPPOMLSKRHIGFAI88DA,劉厝段玉山小段,102.39,都市：其他:住宅區,1,1,全筆移轉,03550019
RPPNMLTKRHIGFAI88DA,北社尾段保安小段,10.09,都市：其他:住宅區,10000,46,持分移轉,08480000
RPQOMLTKRHIGFAI09DA,盧厝段,12.81,都市：其他:住宅區,10000,67,持分移轉,02970057
RPROMLTKRHIGFAI56DA,港子坪段,112.00,都市：其他:住宅區,1,1,全筆移轉,01990191
RPROMLTKRHIGFAI56DA,港子坪段,18.16,都市：其他:住宅區,10000,1430,持分移轉,01990192
RPROMLTKRHIGFAI56DA,港子坪段,66.00,都市：其他:住宅區,1,1,全筆移轉,02000001
RPSNMLKLRHIGFAI38DA,竹圍子段,23.25,都市：其他:住宅區,100000,838,持分移轉,00450009
RPTNMLKLRHIGFAI48DA,民族段四小段,66.00,都市：其他:住宅區,1,1,全筆移轉,00140007
RPQNMLSKRHIGFAI98EA,下路頭段,31.25,都市：其他:住宅區,10000,102,持分移轉,00100230
RPQNMLKLRHIGFAI28EA,竹圍子段中興小段,10.38,都市：其他:商業區,10000,84,持分移轉,00950000
RPVNMLSKRHIGFAI76DA,永安段,47.17,都市：其他:道路用地,1,1,全筆移轉,00240000
RPVNMLSKRHIGFAI76DA,北社尾段,55.00,都市：其他:道路用地,1,1,全筆移轉,06490023
RPWNMLKLRHIGFAI78DA,港子坪段港坪小段,107.00,,1,1,全筆移轉,01350017
RPQNMLPJRHIGFAI58EA,檜段四小段,35.00,都市：其他:商業區,1,1,全筆移轉,00430002
RPQNMLPJRHIGFAI58EA,檜段四小段,1.43,都市：其他:商業區,42,1,持分移轉,00630001
RPPNMLLLRHIGFAI18DA,下路頭段,20.77,都市：其他:住宅區,10000,162,持分移轉,01810009
RPPNMLLLRHIGFAI18DA,下路頭段,.02,都市：其他:住宅區,10000,162,持分移轉,01810024
RPRNMLKLRHIGFAI28DA,北湖段,18.73,都市：其他:住宅區,22,2,持分移轉,03800007
RPRNMLKLRHIGFAI28DA,北湖段,.55,都市：其他:住宅區,22,2,持分移轉,03800008
RPRNMLKLRHIGFAI28DA,北湖段,.55,都市：其他:住宅區,22,2,持分移轉,03800009
RPRNMLKLRHIGFAI28DA,北湖段,84.00,都市：其他:住宅區,1,1,全筆移轉,03800013
RPUNMLKLRHIGFAI58DA,彌陀段,67.00,都市：其他:住宅區,1,1,全筆移轉,12640003
RPPNMLSKRHIGFAI78DA,下路頭段,41.40,都市：其他:住宅區,1000,115,持分移轉,00020005
RPPNMLSKRHIGFAI78DA,下路頭段,.81,都市：其他:住宅區,1000,115,持分移轉,00020211
RPVNMLLLRHIGFAI78DA,下路頭段,53.00,都市：其他:住宅區,6,2,持分移轉,04530032
RPVNMLLLRHIGFAI78DA,下路頭段,8.33,都市：其他:住宅區,6,2,持分移轉,04620023
RPWNMLTLQHIGFAI96DA,下路頭段,1.58,都市：其他:住宅區,10000,395,持分移轉,05670004
RPWNMLTLQHIGFAI96DA,下路頭段,86.00,都市：其他:住宅區,1,1,全筆移轉,05670120
RPWNMLTLQHIGFAI96DA,下路頭段,5.39,都市：其他:住宅區,10000,119,持分移轉,05670131
RPRNMLNJQHIGFAI28DA,下路頭段,49.22,都市：其他:道路用地,1800,100,持分移轉,04810001
RPRNMLNJQHIGFAI28DA,下路頭段,9.61,都市：其他:道路用地,36,2,持分移轉,04820003
RPPNMLOJRHIGFAI28DA,中庄段,.69,都市：其他:道路用地,240,2,持分移轉,10410000
RPPNMLOJRHIGFAI28DA,中庄段,2.39,都市：其他:住宅區,240,2,持分移轉,10420000
RPPNMLOJRHIGFAI28DA,中庄段,2.48,都市：其他:住宅區,240,2,持分移轉,10450000
RPPNMLOJRHIGFAI28DA,中庄段,4.90,都市：其他:住宅區,240,2,持分移轉,10540000
RPPNMLOJRHIGFAI28DA,中庄段,32.20,都市：其他:住宅區,20,2,持分移轉,10550000
RPTOMLOKRHIGFAI88DA,劉厝段劉厝小段,70.00,都市：其他:住宅區,1,1,全筆移轉,02030140
RPVNMLKLRHIGFAI68DA,車店段,42.00,都市：其他:住宅區,1,1,全筆移轉,03930017
RPVNMLKLRHIGFAI68DA,車店段,34.00,都市：其他:住宅區,1,1,全筆移轉,03940022
RPRNMLLLRHIGFAI38DA,湖子內段興安小段,99.33,都市：其他:住宅區,1,1,全筆移轉,02740008
RPTNMLMLRHIGFAI68DA,埤子頭段,66.00,都市：其他:住宅區,1,1,全筆移轉,01600034
RPTNMLMLRHIGFAI68DA,埤子頭段,1.00,都市：其他:道路用地,1,1,全筆移轉,01600037
RPRNMLNLRHIGFAI68EA,埤子頭段,108.00,都市：其他:住宅區,1,1,全筆移轉,04010048
RPPNMLKLRHIGFAI18EA,劉厝段劉厝小段,10.88,都市：其他:住宅區,10000,69,持分移轉,03110000
RPPNMLKLRHIGFAI18EA,劉厝段劉厝小段,.41,都市：其他:住宅區,10000,69,持分移轉,03110040
RPPNMLKLRHIGFAI18EA,劉厝段劉厝小段,3.41,都市：其他:住宅區,10000,69,持分移轉,03120011
RPQNMLPKRHIGFAI58DA,北園段,125.00,都市：其他:住宅區,1,1,全筆移轉,15940026
RPSNMLPKRHIGFAI78DA,北園段,123.00,都市：其他:住宅區,1,1,全筆移轉,15940028
RPWNMLLLRHIGFAI88DA,東川段,251.00,都市：其他:住宅區,1,1,全筆移轉,04630000
RPPOMLLLRHIGFAI28DA,埤子頭段,40.00,都市：其他:住宅區,1,1,全筆移轉,02870029
RPPOMLLLRHIGFAI28DA,埤子頭段,34.00,都市：其他:住宅區,1,1,全筆移轉,02870038
RPQOMLMLRHIGFAI48DA,北社尾段保安小段,6.44,都市：其他:住宅區,10000,50,持分移轉,06120000
RPQNMLPLRHIGFAI68DA,竹圍子段一小段,10.84,都市：其他:住宅區,20000,190,持分移轉,00030000
RPRNMLPLRHIGFAI78DA,元段五小段,13.56,都市：其他:商業區,10000,186,持分移轉,00090000
RPQNMLQLRHIGFAI78DA,港子坪段港坪小段,13.20,都市：其他:商業區,9990,132,持分移轉,02270000
RPSNMLQLRHIGFAI98DA,竹圍子段,63.00,都市：其他:住宅區,1,1,全筆移轉,02390059
RPSNMLQLRHIGFAI98DA,竹圍子段,17.00,都市：其他:住宅區,1,1,全筆移轉,02540051
RPPNMLQLRHIGFAI68DA,埤子頭段,25.36,都市：其他:住宅區,10000,85,持分移轉,01980000
RPQNMLQJRHIGFAI58DA,短竹段,3.49,都市：其他:住宅區,20000,34,持分移轉,09120070
RPROMLNJQHIGFAI38DA,台斗坑段,77.00,都市：其他:住宅區,1,1,全筆移轉,03280004
RPPNMLQLRHIGFAI78EA,車店段車店小段,6.12,都市：其他:住宅區,10000,170,持分移轉,09090002
RPUNMLPLRHIGFAI09DA,育人段,89.80,都市：其他:住宅區,1,1,全筆移轉,05870014
RPUNMLPLRHIGFAI09DA,育人段,6.02,都市：其他:住宅區,16,1,持分移轉,05870063
RPUNMLPLRHIGFAI09DA,育人段,3.49,都市：其他:住宅區,10000,34,持分移轉,05870064
RPTNMLPLRHIGFAI98DA,北社尾段,13.79,都市：其他:住宅區,10000,30,持分移轉,07120001
RPTNMLQLRHIGFAI09DA,車店段車店小段,5.16,都市：其他:住宅區,10000,26,持分移轉,00460056
RPVNMLQLRHIGFAI66DA,南門段四小段,23.00,都市：其他:商業區,1,1,全筆移轉,00180021
RPVNMLQLRHIGFAI66DA,南門段四小段,19.00,都市：其他:商業區,1,1,全筆移轉,00190021
RPWNMLQLRHIGFAI76DA,南門段四小段,39.00,都市：其他:商業區,1,1,全筆移轉,00190023
RPWNMLRLRHIGFAI86DA,長竹段,22.75,都市：其他:住宅區,10000,140,持分移轉,09590000
RPPNMLSLRHIGFAI88DA,下路頭段,8.70,都市：其他:住宅區,10000,16,持分移轉,00970000
RPTNMLSLRHIGFAI66DA,民族段二小段,173.50,都市：其他:住宅區,2,1,持分移轉,00240089
RPSNMLRJQHIGFAI78DA,台斗坑段,25.73,都市：其他:住宅區,10000,166,持分移轉,03760030
RPQOMLQLRHIGFAI88DA,竹圍子段,83.00,都市：其他:住宅區,1,1,全筆移轉,03490018
RPSOMLPJRHIGFAI78DA,車店段車店小段,8.28,都市：其他:住宅區,10000,230,持分移轉,09090002
RPTNMLRLRHIGFAI56DA,軍輝段,44.11,都市：其他:住宅區,10000,80,持分移轉,00030000
RPUNMLSLRHIGFAI76DA,盧厝段,101.00,都市：其他:住宅區,1,1,全筆移轉,02490042
RPPNMLLJIIIGFAI17DA,新白川段,3.27,,100000,293,持分移轉,00190000
RPPNMLLJIIIGFAI17DA,車店段,34.47,都市：其他:住宅區,100000,293,持分移轉,00620000
RPPNMLLJIIIGFAI17DA,車店段,.05,,100000,293,持分移轉,00620007
RPPOMLMLRHIGFAI38DA,車店段車店小段,35.01,都市：其他:住宅區,368400,3501,持分移轉,08140000
RPQNMLMJIIIGFAI37DA,末廣段一小段,.29,都市：其他:商業區,100000,627,持分移轉,00020003
RPQNMLMJIIIGFAI37DA,末廣段一小段,.28,都市：其他:商業區,100000,603,持分移轉,00020003
RPQNMLMJIIIGFAI37DA,新富段八小段,9.59,都市：其他:商業區,100000,627,持分移轉,00090000
RPQNMLMJIIIGFAI37DA,新富段八小段,9.22,都市：其他:商業區,100000,603,持分移轉,00090000
RPTNMLMJIIIGFAI67DA,東川段,10.94,都市：其他:住宅區,10000,242,持分移轉,13760000
RPRNMLLJRHIGFAI18DA,台斗坑段,14.30,都市：其他:住宅區,10000,25,持分移轉,03240003
RPXNMLLJRHIGFAI78DA,下路頭段,89.00,都市：其他:住宅區,1,1,全筆移轉,03300010
RPRNMLPLRHIGFAI88EA,車店段車店小段,.50,都市：其他:住宅區,2100000,215,持分移轉,00450000
RPROMLLKQHIGFAI28DA,下路頭段,85.00,都市：其他:住宅區,1,1,全筆移轉,04280055
RPTNMLMJIIIGFAI77EA,湖子內段興安小段,98.29,都市：其他:住宅區,1,1,全筆移轉,00230002
RPTNMLLKQHIGFAI38DA,西門段二小段,55.00,都市：其他:商業區,1,1,全筆移轉,01350007
RPPNMLMJIIIGFAI37EA,遠東段,16.80,都市：其他:住宅區,10000,18,持分移轉,00680007
RPUNMLMJIIIGFAI87EA,湖子內段興安小段,104.32,都市：其他:住宅區,1,1,全筆移轉,00230005
RPRNMLOJIIIGFAI77EA,竹圍子段三小段,22.20,都市：其他:住宅區,17810,222,持分移轉,02230000
RPRNMLOJIIIGFAI67DA,民族段二小段,39.00,都市：其他:住宅區,1,1,全筆移轉,00240056
RPWNMLSLRHIGFAI96DA,盧厝段,16.11,都市：其他:農業區,460,10,持分移轉,02740007
RPWNMLSLRHIGFAI96DA,盧厝段,.35,都市：其他:保護區,460,10,持分移轉,02740030
RPWNMLSLRHIGFAI96DA,盧厝段,88.00,都市：其他:農業區,1,1,全筆移轉,02740084
RPWNMLSLRHIGFAI96DA,盧厝段,4.00,都市：其他:住宅區,1,1,全筆移轉,02740107
RPPNMLOJIIIGFAI57EA,軍輝段,4.71,都市：其他:住宅區,10000,35,持分移轉,07610000
RPTNMLOJIIIGFAI97EA,民族段六小段,11.75,都市：其他:住宅區,4,1,持分移轉,00440013
RPTNMLOJIIIGFAI97EA,民族段六小段,6.50,都市：其他:公園道用地,4,1,持分移轉,00440030
RPPNMLQJIIIGFAI77EA,彌陀段日新小段,478.21,都市：其他:住宅區,1,1,全筆移轉,00410000
RPPNMLKKRHIGFAI97DA,興村段,7.70,都市：其他:商業區,18130,77,持分移轉,01340000
RPPOMLMJIIIGFAI37DA,竹圍子段二小段,15.19,都市：其他:商業區,10000,93,持分移轉,00260000
RPOOMLNJIIIGFAI37DA,竹圍子段,13.99,都市：其他:住宅區,10000,66,持分移轉,03300000
RPPNMLLKIIIGFAI27DA,興村段,18.43,都市：其他:住宅區,1000,55,持分移轉,02100000
RPQNMLLKIIIGFAI47EA,湖子內段湖內小段,2086.00,都市：其他:農業區,1,1,全筆移轉,01290000
RPQNMLLKIIIGFAI37DA,軍輝段,109.00,都市：其他:住宅區,1,1,全筆移轉,04280000
RPSNMLMKIIIGFAI67DA,劉厝段劉厝小段,8.83,都市：其他:住宅區,10000,56,持分移轉,03110000
RPSNMLMKIIIGFAI67DA,劉厝段劉厝小段,.33,都市：其他:住宅區,10000,56,持分移轉,03110040
RPSNMLMKIIIGFAI67DA,劉厝段劉厝小段,2.77,都市：其他:住宅區,10000,56,持分移轉,03120011
RPQNMLOJIIIGFAI57DA,頂庄段,3124.00,都市：其他:農業區,1,1,全筆移轉,02750000
RPWNMLMKIIIGFAI08DA,車店段車店小段,16.50,都市：其他:住宅區,1050000,3557,持分移轉,00450000
RPQNMLMKIIIGFAI57EA,埤子頭段,158.49,都市：其他:住宅區,175,43,持分移轉,02950002
RPPNMLQJIIIGFAI67DA,車店段車店小段,33.53,都市：其他:住宅區,368400,3353,持分移轉,08140000
RPRNMLNKIIIGFAI67DA,湖內段,.24,都市：其他:住宅區,4100,49,持分移轉,00880000
RPRNMLNKIIIGFAI67DA,湖內段,2.55,都市：其他:住宅區,24100,289,持分移轉,00890000
RPRNMLNKIIIGFAI67DA,湖內段,3.74,都市：其他:住宅區,37500,449,持分移轉,00910000
RPRNMLNKIIIGFAI67DA,下路頭段,3.64,都市：其他:住宅區,30400,364,持分移轉,07490000
RPRNMLNKIIIGFAI67DA,下路頭段,7.50,都市：其他:住宅區,6220,75,持分移轉,07500034
RPXNMLNKIIIGFAI28DA,中山段五小段,31.53,都市：其他:住宅區,1000,93,持分移轉,00030009
RPSOMLNKIIIGFAI87DA,車店段車店小段,8.72,都市：其他:住宅區,10000,115,持分移轉,01580001
RPVOMLNKIIIGFAI18DA,育人段,.30,都市：其他:住宅區,15,1,持分移轉,01750005
RPVOMLNKIIIGFAI18DA,育人段,87.15,都市：其他:住宅區,1,1,全筆移轉,01750017
RPXNMLQKIIIGFAI58DA,湖內段,20.53,都市：其他:商業區,27700,206,持分移轉,03180000
RPVNMLSLRHIGFAI86DA,車店段車店小段,30.33,都市：其他:住宅區,6,1,持分移轉,00620000
RPQNMLSKIIIGFAI18EA,湖子內段興安小段,94.23,都市：其他:住宅區,1,1,全筆移轉,00230007
RPPNMLSKIIIGFAI08EA,湖子內段興安小段,86.61,都市：其他:住宅區,1,1,全筆移轉,00230001
RPRNMLSKIIIGFAI28EA,湖子內段興安小段,95.48,都市：其他:住宅區,1,1,全筆移轉,00230004
RPPNMLSKIIIGFAI97DA,短竹段,19.17,都市：其他:商業區,10000,259,持分移轉,04910000
RPPNMLSKIIIGFAI97DA,短竹段,.23,都市：其他:商業區,10000,259,持分移轉,04910001
RPPNMLSKIIIGFAI97DA,短竹段,16.24,都市：其他:商業區,10000,259,持分移轉,06820000
RPQNMLKKRHIGFAI08DA,湖內段,17.18,都市：其他:住宅區,20000,1818,持分移轉,00530000
RPQNMLKKRHIGFAI08DA,下路頭段,19.00,都市：其他:住宅區,20000,1818,持分移轉,07490029
RPOOMLSKIIIGFAI97DA,興村段,1.15,都市：其他:商業區,10000,37,持分移轉,01330000
RPOOMLSKIIIGFAI97DA,興村段,6.92,都市：其他:商業區,10000,37,持分移轉,01490000
RPPOMLSKIIIGFAI08DA,短竹段,.31,都市：其他:住宅區,100000,505,持分移轉,16680000
RPPOMLSKIIIGFAI08DA,短竹段,4.94,都市：其他:住宅區,100000,505,持分移轉,16690000
RPQNMLTKIIIGFAI18DA,中庄段,42.64,都市：其他:住宅區,156,1,持分移轉,07090000
RPXNMLTKIIIGFAI88DA,新厝段,55.00,都市：其他:住宅區,1,1,全筆移轉,01470000
RPOPMLTKIIIGFAI18DA,中山段五小段,20.30,都市：其他:住宅區,1000,94,持分移轉,00030003
RPOPMLTKIIIGFAI18DA,中山段五小段,7.80,都市：其他:住宅區,1000,94,持分移轉,00040000
RPOPMLTKIIIGFAI18DA,山下段,1.03,都市：其他:住宅區,1000,94,持分移轉,00430018
RPUNMLKLIIIGFAI77DA,湖子內段新民小段,129.55,都市：其他:第三種休閒專用區,1,1,全筆移轉,04200007
RPOPMLTKIIIGFAI18DA,山下段,.09,都市：其他:住宅區,1000,94,持分移轉,00430019
RPOPMLTKIIIGFAI18DA,山下段,1.32,都市：其他:住宅區,1000,94,持分移轉,00430021
RPSNMLQKIIIGFAI08DA,竹圍子段三小段,33.66,都市：其他:住宅區,10000,165,持分移轉,00980000
RPXOMLNKIIIGFAI38DA,車店段車店小段,83.00,都市：其他:住宅區,1,1,全筆移轉,00540009
RPQNMLOLIIIGFAI77DA,下路頭段,15.02,都市：其他:住宅區,10000,156,持分移轉,04280004
RPRNMLTKIIIGFAI28DA,八掌段,1474.96,都市：其他:農業區,1,1,全筆移轉,03320004
RPSNMLOLIIIGFAI97DA,下路頭段,62.00,都市：其他:住宅區,1,1,全筆移轉,02500003
RPROMLPLQHIGFAI78DA,山下段,10.00,都市：其他:道路用地,1,1,全筆移轉,00170028
RPROMLPLQHIGFAI78DA,長竹段,57.00,都市：其他:住宅區,1,1,全筆移轉,11270000
RPWNMLMJIIIGFAI97DA,車店段,107.00,都市：其他:住宅區,1,1,全筆移轉,03940095
RPWNMLMJIIIGFAI97DA,車店段,.74,都市：其他:住宅區,19,1,持分移轉,03940105
RPWNMLMJIIIGFAI97DA,車店段,1.11,都市：其他:住宅區,19,1,持分移轉,03940106
RPWNMLMJIIIGFAI97DA,車店段,.53,都市：其他:住宅區,19,1,持分移轉,03940107
RPWNMLMJIIIGFAI97DA,車店段,34.58,都市：其他:住宅區,19,1,持分移轉,03940108
RPUOMLTKIIIGFAI68DA,竹圍子段,23.42,都市：其他:住宅區,10000,96,持分移轉,00210000
RPXNMLMJIIIGFAI08DA,頂庄段,29.65,都市：其他:住宅區,90000,956,持分移轉,04200000
RPTOMLNKIIIGFAI97DA,遠東段,16.25,都市：其他:住宅區,100000,291,持分移轉,00680000
RPQOMLKMIIIGFAI57DA,湖子內段興安小段,27.65,都市：其他:第一種住宅區,10000,390,持分移轉,00080006
RPPNMLPLQHIGFAI48DA,下路頭段,36.92,都市：其他:道路用地,1800,75,持分移轉,04810001
RPPNMLPLQHIGFAI48DA,下路頭段,7.21,都市：其他:道路用地,24,1,持分移轉,04820003
RPQNMLPLQHIGFAI58DA,下路頭段,36.92,都市：其他:道路用地,1800,75,持分移轉,04810001
RPQNMLPLQHIGFAI58DA,下路頭段,7.21,都市：其他:道路用地,24,1,持分移轉,04820003
RPPNMLOJIIIGFAI47DA,盧東段,92.21,都市：其他:農業區,1,1,全筆移轉,08990011
RPPNMLOJIIIGFAI47DA,盧東段,2.81,都市：其他:農業區,10000,145,持分移轉,08990021
RPPNMLOJIIIGFAI47DA,盧東段,24.75,都市：其他:農業區,10,1,持分移轉,08990022
RPROMLKMIIIGFAI67DA,湖子內段興安小段,27.94,都市：其他:第一種住宅區,10000,394,持分移轉,00080006
RPWPMLKMIIIGFAI28DA,湖子內段興安小段,27.65,都市：其他:第一種住宅區,10000,390,持分移轉,00080006
RPXPMLKMIIIGFAI38DA,湖子內段興安小段,27.94,都市：其他:第一種住宅區,10000,394,持分移轉,00080006
RPOQMLKMIIIGFAI57DA,湖子內段興安小段,25.24,都市：其他:第一種住宅區,10000,356,持分移轉,00080006
RPPQMLKMIIIGFAI67DA,湖子內段興安小段,25.67,都市：其他:第一種住宅區,10000,362,持分移轉,00080006
RPSNMLNJJIIGFAI77DA,車店段,164.00,都市：其他:住宅區,1,1,全筆移轉,03920006
RPSNMLNJJIIGFAI77DA,車店段,13.17,都市：其他:住宅區,6,1,持分移轉,03920026
RPPNMLQLQHIGFAI58DA,竹圍子段,1.00,都市：其他:住宅區,1,1,全筆移轉,03080071
RPPNMLQLQHIGFAI58DA,竹圍子段,71.00,都市：其他:住宅區,1,1,全筆移轉,03100070
RPVNMLNJJIIGFAI08DA,後庄段,84.00,都市：其他:住宅區,1,1,全筆移轉,13920001
RPWNMLTJJIIGFAI78DA,長竹段,22.75,都市：其他:住宅區,10000,140,持分移轉,09590000
RPPNMLKKJIIGFAI37EA,下路頭段,69.00,都市：其他:住宅區,1,1,全筆移轉,08390028
RPUNMLNKJIIGFAI08DA,新厝段,55.00,都市：其他:住宅區,1,1,全筆移轉,01500000
RPRNMLOKJIIGFAI87DA,育人段,89.79,都市：其他:住宅區,1,1,全筆移轉,05870016
RPRNMLOKJIIGFAI87DA,育人段,6.02,都市：其他:住宅區,16,1,持分移轉,05870063
RPPOMLPKJIIGFAI87DA,雲檜段,28.51,都市：其他:住宅區,1,1,全筆移轉,03210000
RPRNMLOKJIIGFAI87DA,育人段,3.49,都市：其他:住宅區,10000,34,持分移轉,05870064
RPPOMLPKJIIGFAI87DA,雲檜段,181.85,都市：其他:住宅區,1,1,全筆移轉,03290000
RPOPMLKLJIIGFAI47DA,盧厝段,8.25,都市：其他:住宅區,55,1,持分移轉,02740136
RPOPMLKLJIIGFAI47DA,盧厝段,73.00,都市：其他:住宅區,1,1,全筆移轉,02740153
RPOPMLKLJIIGFAI47DA,盧厝段,16.25,都市：其他:住宅區,8,1,持分移轉,02740155
RPOPMLKLJIIGFAI47DA,盧厝段,1.12,都市：其他:住宅區,8,1,持分移轉,02740176
RPVOMLLJKIIGFAI08DA,短竹段,149.00,都市：其他:風景區(附),1,1,全筆移轉,13060001
RPVOMLLJKIIGFAI08DA,短竹段,116.00,都市：其他:風景區(附),1,1,全筆移轉,13060003
RPVOMLLJKIIGFAI08DA,短竹段,15.00,都市：其他:風景區(附),1,1,全筆移轉,13070001
RPVOMLLJKIIGFAI08DA,短竹段,509.00,都市：其他:農業區,1,1,全筆移轉,13350000
RPVOMLLJKIIGFAI08DA,短竹段,110.00,都市：其他:風景區(附),1,1,全筆移轉,13360000
RPVOMLLJKIIGFAI08DA,短竹段,792.00,都市：其他:風景區(附),1,1,全筆移轉,13360002
RPVOMLLJKIIGFAI08DA,短竹段,247.00,都市：其他:風景區(附),1,1,全筆移轉,13370001
RPVOMLLJKIIGFAI08DA,短竹段,264.00,都市：其他:風景區(附),1,1,全筆移轉,13370002
RPVOMLLJKIIGFAI08DA,短竹段,471.00,都市：其他:風景區(附),1,1,全筆移轉,13370004
RPVOMLLJKIIGFAI08DA,短竹段,523.00,都市：其他:風景區(附),1,1,全筆移轉,13370006
RPVOMLLJKIIGFAI08DA,短竹段,219.00,都市：其他:風景區(附),1,1,全筆移轉,13380001
RPVOMLLJKIIGFAI08DA,短竹段,678.00,都市：其他:風景區(附),1,1,全筆移轉,13390002
RPVOMLLJKIIGFAI08DA,短竹段,84.00,都市：其他:風景區(附),1,1,全筆移轉,13390004
RPVOMLLJKIIGFAI08DA,短竹段,2.00,都市：其他:風景區(附),1,1,全筆移轉,13390005
RPVOMLLJKIIGFAI08DA,短竹段,509.00,都市：其他:風景區(附),1,1,全筆移轉,13390006
RPVOMLLJKIIGFAI08DA,短竹段,495.00,都市：其他:機關用地,1,1,全筆移轉,13420000
RPVNMLLLJIIGFAI08DA,短竹段,10.74,都市：其他:商業區,10000,132,持分移轉,04040000
RPQNMLLLJIIGFAI67EA,軍輝段,58.58,都市：其他:住宅區,10000,100,持分移轉,05830000
RPRNMLPJKIIGFAI08EA,短竹段,117.00,都市：其他:機關用地,1,1,全筆移轉,11340000
RPQOMLPJRHIGFAI58DA,竹村段,88.44,,1,1,全筆移轉,08390006
RPQOMLPJRHIGFAI58DA,竹村段,10.00,,1960,1000,持分移轉,08390007
RPQOMLPJRHIGFAI58DA,竹村段,7.31,,4441,731,持分移轉,08390008
RPWNMLKMQHIGFAI78DA,湖子內段興安小段,106.01,都市：其他:住宅區,1,1,全筆移轉,02950000
RPROMLKMQHIGFAI38DA,車店段車店小段,17.87,都市：其他:住宅區,10000,90,持分移轉,00460056
RPUOMLQJRHIGFAI09DA,新白川段,3.27,,100000,293,持分移轉,00190000
RPUOMLQJRHIGFAI09DA,車店段,34.47,都市：其他:住宅區,100000,293,持分移轉,00620000
RPUOMLQJRHIGFAI09DA,車店段,.05,,100000,293,持分移轉,00620007
RPQNMLRJRHIGFAI78EA,導明段,45.23,都市：其他:住宅區,16,1,持分移轉,11120000
RPPNMLSJRHIGFAI78EA,新富段三小段,97.00,都市：其他:商業區,1,1,全筆移轉,00730005
RPPNMLSJRHIGFAI78EA,新富段三小段,91.00,都市：其他:商業區,1,1,全筆移轉,00750019
RPPNMLLKRHIGFAI08DA,港子坪段港坪小段,11.83,都市：其他:商業區,10000,285,持分移轉,02180000
RPPPMLKMIIIGFAI57DA,湖子內段興安小段,25.67,都市：其他:第一種住宅區,10000,362,持分移轉,00080006
RPSOMLKMIIIGFAI77DA,湖子內段興安小段,25.24,都市：其他:第一種住宅區,10000,356,持分移轉,00080006
RPXOMLKMIIIGFAI28DA,湖子內段興安小段,27.94,都市：其他:第一種住宅區,10000,394,持分移轉,00080006
RPRPMLKMIIIGFAI77DA,湖子內段興安小段,27.65,都市：其他:第一種住宅區,10000,390,持分移轉,00080006
RPQPMLKMIIIGFAI67DA,湖子內段興安小段,41.19,都市：其他:第一種住宅區,10000,581,持分移轉,00080006
RPSPMLKMIIIGFAI87DA,湖子內段興安小段,27.94,都市：其他:第一種住宅區,10000,394,持分移轉,00080006
RPOPMLKMIIIGFAI47DA,湖子內段興安小段,25.24,都市：其他:第一種住宅區,10000,356,持分移轉,00080006
RPVNMLKLPHIGFAI48DA,車店段車店小段,35.01,都市：其他:住宅區,368400,3501,持分移轉,08140000
RPQNMLSJRHIGFAI78DA,盧厝段,49.42,都市：其他:住宅區,100000,211,持分移轉,03020000
RPQNMLTLQHIGFAI09EA,興村段,95.00,都市：其他:住宅區,1,1,全筆移轉,02870000
RPPNMLRJRHIGFAI58DA,湖內段,82.00,都市：其他:住宅區,1,1,全筆移轉,10260001
RPWNMLMKRHIGFAI88DA,港子坪段,63.00,都市：其他:乙種工業區,1,1,全筆移轉,02230010
RPTNMLSKRHIGFAI56DA,竹圍子段,31.65,都市：其他:住宅區,100000,2353,持分移轉,00190000
RPTNMLSKRHIGFAI56DA,竹圍子段,.22,都市：其他:道路用地,100000,2174,持分移轉,00190012
RPXNMLSKRHIGFAI96DA,育人段,130.03,都市：其他:住宅區,1,1,全筆移轉,05870053
RPXNMLSKRHIGFAI96DA,育人段,20.65,都市：其他:住宅區,10000,201,持分移轉,05870064
RPQOMLOKRHIGFAI58DA,車店段車店小段,58.00,都市：其他:住宅區,1,1,全筆移轉,09470000
RPQOMLOKRHIGFAI58DA,車店段車店小段,81.00,都市：其他:住宅區,1,1,全筆移轉,09480000
RPWNMLSKRHIGFAI86DA,竹圍子段,29.36,都市：其他:住宅區,421040000,11157196,持分移轉,01070000
RPXNMLLLRHIGFAI98DA,頂庄段,26.30,都市：其他:住宅區,90000,848,持分移轉,04200000
RPWNMLSKRHIGFAI86DA,竹圍子段,3.57,都市：其他:住宅區,3700000,35654,持分移轉,01070043
RPSOMLKLRHIGFAI48DA,湖內段,25.02,都市：其他:商業區,27700,251,持分移轉,03180000
RPWNMLMLRHIGFAI98DA,崎頂段,13.75,都市：其他:農業區,4,1,持分移轉,00410002
RPWNMLMLRHIGFAI98DA,崎頂段,28.33,,6,1,持分移轉,00410004
RPWNMLMLRHIGFAI98DA,崎頂段,330.00,,1,1,全筆移轉,00410008
RPPNMLPLRHIGFAI68EA,檜段三小段,48.00,都市：其他:商業區,2,1,持分移轉,00110092
RPPNMLPLRHIGFAI68EA,檜段三小段,2.88,都市：其他:商業區,8,1,持分移轉,00110095
RPPNMLPLRHIGFAI68EA,檜段三小段,1.94,都市：其他:商業區,16,1,持分移轉,00110096
RPSNMLLJRHIGFAI28DA,南門段五小段,96.00,都市：其他:商業區,1,1,全筆移轉,00410019
RPSNMLLJRHIGFAI28DA,南門段五小段,111.00,都市：其他:商業區,1,1,全筆移轉,00410020
RPOOMLSJRHIGFAI68DA,長竹段,24.52,都市：其他:住宅區,10000,139,持分移轉,03160000
RPUNMLSJRHIGFAI56DA,永安段,33.37,都市：其他:住宅區,100000,719,持分移轉,09220000
RPVNMLMJIIIGFAI97EA,湖子內段興安小段,114.23,都市：其他:住宅區,1,1,全筆移轉,00230006
RPQNMLOJIIIGFAI67EA,港子坪段,81.00,都市：其他:住宅區,1,1,全筆移轉,02280064
RPQNMLOJIIIGFAI67EA,港子坪段,5.00,都市：其他:道路用地,1,1,全筆移轉,02280110
RPRNMLLKIIIGFAI47DA,北園段,22.12,都市：其他:住宅區,34,1,持分移轉,11790019
RPRNMLLKIIIGFAI47DA,北園段,113.00,都市：其他:住宅區,1,1,全筆移轉,11790038
RPQNMLQJIIIGFAI77DA,導明段,101.68,都市：其他:住宅區,1,1,全筆移轉,03770000
RPRNMLMKIIIGFAI57DA,長竹段,106.00,都市：其他:住宅區,1,1,全筆移轉,02290016
RPRNMLMKIIIGFAI57DA,長竹段,9.00,都市：其他:住宅區,1,1,全筆移轉,02360056
RPUOMLNKIIIGFAI08DA,竹圍子段中興小段,9.24,都市：其他:商業區,12000,158,持分移轉,00530000
RPWOMLLJKIIGFAI18DA,短竹段,159.00,都市：其他:風景區(附),1,1,全筆移轉,13050000
RPWOMLLJKIIGFAI18DA,短竹段,249.00,都市：其他:風景區(附),1,1,全筆移轉,13060000
RPWOMLLJKIIGFAI18DA,短竹段,295.00,都市：其他:風景區(附),1,1,全筆移轉,13060002
RPWOMLLJKIIGFAI18DA,短竹段,253.00,都市：其他:風景區(附),1,1,全筆移轉,13070000
RPWOMLLJKIIGFAI18DA,短竹段,17.00,都市：其他:風景區(附),1,1,全筆移轉,13360001
RPWOMLLJKIIGFAI18DA,短竹段,316.00,都市：其他:風景區(附),1,1,全筆移轉,13370000
RPWOMLLJKIIGFAI18DA,短竹段,3204.00,都市：其他:風景區(附),1,1,全筆移轉,13370003
RPWOMLLJKIIGFAI18DA,短竹段,1152.00,都市：其他:風景區(附),1,1,全筆移轉,13370005
RPWOMLLJKIIGFAI18DA,短竹段,97.00,都市：其他:風景區(附),1,1,全筆移轉,13370007
RPWOMLLJKIIGFAI18DA,短竹段,1207.00,都市：其他:風景區(附),1,1,全筆移轉,13380000
RPWOMLLJKIIGFAI18DA,短竹段,239.00,都市：其他:風景區(附),1,1,全筆移轉,13380002
RPWOMLLJKIIGFAI18DA,短竹段,1187.00,都市：其他:風景區(附),1,1,全筆移轉,13390000
RPWOMLLJKIIGFAI18DA,短竹段,997.00,都市：其他:風景區(附),1,1,全筆移轉,13390001
RPWOMLLJKIIGFAI18DA,短竹段,2886.00,都市：其他:風景區(附),1,1,全筆移轉,13390003
RPWOMLLJKIIGFAI18DA,短竹段,88.00,都市：其他:風景區(附),1,1,全筆移轉,13390007
RPWNMLQKIIIGFAI48DA,北湖段,83.00,都市：其他:農業區,1,1,全筆移轉,00100001
RPWNMLQKIIIGFAI48DA,北湖段,9571.00,都市：其他:河川區,1,1,全筆移轉,00100014
RPSOMLRKIIIGFAI28DA,南門段五小段,26.33,都市：其他:商業區,10000,66,持分移轉,00450000
RPSOMLRKIIIGFAI28DA,南門段五小段,9.85,都市：其他:住宅區,10000,66,持分移轉,00450003
RPSOMLRKIIIGFAI28DA,南門段五小段,1.29,都市：其他:住宅區,10000,66,持分移轉,00450004
RPRNMLNLIIIGFAI87EA,埤子頭段,11.00,都市：其他:住宅區,1,1,全筆移轉,01590000
RPRNMLNLIIIGFAI87EA,埤子頭段,109.00,都市：其他:住宅區,1,1,全筆移轉,01950093
RPRNMLOLIIIGFAI97EA,湖子內段興安小段,186.11,都市：其他:住宅區,1,1,全筆移轉,00230000
RPTNMLNJIIIGFAI77DA,竹圍子段二小段,4.08,都市：其他:商業區,10000,25,持分移轉,00260000
RPSNMLOLIIIGFAI08EA,湖子內段興安小段,162.70,都市：其他:住宅區,1,1,全筆移轉,00230003
RPRQMLKMIIIGFAI87DA,湖子內段湖美小段,152.15,都市：其他:住宅區,1,1,全筆移轉,00120001
RPPNMLRLIIIGFAI08EA,軍輝段,81.00,都市：其他:住宅區,1,1,全筆移轉,01780008
RPRNMLLMIIIGFAI67DA,竹圍子段三小段,29.90,都市：其他:住宅區,17810,299,持分移轉,02230000
RPSNMLMJJIIGFAI67DA,北湖段,17.32,都市：其他:住宅區,144,1,持分移轉,04090000
RPSQMLKMIIIGFAI97DA,山下段,103.00,都市：其他:住宅區,1,1,全筆移轉,00230002
RPTNMLMJJIIGFAI77DA,北湖段,17.32,都市：其他:住宅區,144,1,持分移轉,04090000
RPUNMLMJJIIGFAI87DA,北湖段,34.64,都市：其他:住宅區,144,2,持分移轉,04090000
RPSNMLTJJIIGFAI38DA,竹圍子段,37.00,都市：其他:住宅區,1,1,全筆移轉,01510005
RPSNMLTJJIIGFAI38DA,竹圍子段,44.00,都市：其他:住宅區,1,1,全筆移轉,01540004
RPRNMLTJJIIGFAI28DA,埤子頭段,139.00,都市：其他:住宅區,1,1,全筆移轉,04200004
RPPOMLMJJIIGFAI47DA,盧厝段,49.42,都市：其他:住宅區,200000,422,持分移轉,03020000
RPXNMLKLJIIGFAI18DA,車店段車店小段,121.00,都市：其他:住宅區,1,1,全筆移轉,08410005
RPWOMLKLJIIGFAI18DA,湖子內段新民小段,497.18,都市：其他:休閒專用區,1,1,全筆移轉,04390000
RPUNMLSLJIIGFAI68DA,育人段,560.46,都市：其他:住宅區,1,1,全筆移轉,12150000
RPUNMLSLJIIGFAI68DA,育人段,18.92,都市：其他:住宅區,1,1,全筆移轉,12350000
RPXNMLMLJIIGFAI38DA,西門段八小段,6.47,都市：其他:商業區,10000,64,持分移轉,00230000
RPSNMLRJRHIGFAI88DA,湖內段,78.00,都市：其他:住宅區,1,1,全筆移轉,13750000
RPQNMLMKRHIGFAI28DA,同興段,12.30,都市：其他:住宅區,10000,9,持分移轉,14350000
RPPNMLSJRHIGFAI68DA,育人段,3653.23,都市：其他:農業區,1,1,全筆移轉,06960000
RPRNMLMKRHIGFAI38DA,同興段,24.60,都市：其他:住宅區,10000,18,持分移轉,14350000
RPPNMLOKRHIGFAI48EA,中庄段,37.24,都市：其他:住宅區,70,1,持分移轉,07060000
RPPNMLMKRHIGFAI18DA,北社尾段,14.24,都市：其他:住宅區,10000,31,持分移轉,07120001
RPQNMLOKRHIGFAI58EA,港子坪段,7.82,都市：其他:道路用地,66,2,持分移轉,00030003
RPQNMLOKRHIGFAI58EA,港子坪段,5.79,都市：其他:住宅區,66,2,持分移轉,00030006
RPQNMLOKRHIGFAI58EA,港子坪段,87.00,都市：其他:住宅區,1,1,全筆移轉,00030031
RPQNMLOKRHIGFAI58EA,港子坪段,4.76,都市：其他:住宅區,66,2,持分移轉,00030033
RPQNMLOKRHIGFAI58EA,港子坪段,6.03,都市：其他:住宅區,66,2,持分移轉,00030050
RPXNMLLKQHIGFAI78DA,新富段八小段,468.00,都市：其他:商業區,1,1,全筆移轉,00020004
RPTOMLKLRHIGFAI58DA,興村段,111.00,都市：其他:住宅區,1,1,全筆移轉,01300005
RPRNMLQLRHIGFAI88DA,興村段,10.10,都市：其他:商業區,18130,101,持分移轉,01340000
RPOOMLTKRHIGFAI88DA,竹圍子段中興小段,13.47,都市：其他:商業區,10000,109,持分移轉,00950000
RPQNMLNLIIIGFAI77EA,同興段,4.00,都市：其他:乙種工業區,1,1,全筆移轉,02250002
RPPNMLNJIIIGFAI37DA,下路頭段,44.00,都市：其他:住宅區,1,1,全筆移轉,04080180
RPPNMLNJIIIGFAI37DA,下路頭段,51.00,都市：其他:住宅區,1,1,全筆移轉,04080391
RPPNMLNJIIIGFAI37DA,下路頭段,73.00,都市：其他:住宅區,1,1,全筆移轉,04080392
RPPNMLNJIIIGFAI37DA,下路頭段,13.00,都市：其他:住宅區,1,1,全筆移轉,04080393
RPWPMLQJJIIGFAI68DA,北湖段,87.00,都市：其他:住宅區,1,1,全筆移轉,04110001
RPVPMLQJJIIGFAI58DA,北湖段,49.00,都市：其他:住宅區,1,1,全筆移轉,04110004
RPXPMLQJJIIGFAI78DA,湖子內段新民小段,3270.24,都市：其他:商業區,1,1,全筆移轉,03930000
RPQNMLNKJIIGFAI67DA,彌陀段日新小段,93.18,都市：其他:住宅區,1,1,全筆移轉,00390002
RPTNMLMKNHIGFAI18DA,同興段,70.00,都市：其他:住宅區,1,1,全筆移轉,04320000
RPVNMLMLRHIGFAI88DA,劉厝段玉山小段,37.84,都市：其他:商業區,100000,2085,持分移轉,01170000
RPUOMLKLRHIGFAI68DA,盧厝段,126.00,都市：其他:住宅區,1,1,全筆移轉,02490035
RPOOMLMLRHIGFAI28DA,湖內段,36.00,都市：其他:住宅區,1,1,全筆移轉,07050001
RPOOMLMLRHIGFAI28DA,湖內段,420.00,都市：其他:住宅區,1,1,全筆移轉,07060000
RPOOMLNKIIIGFAI47DA,港子坪段港坪小段,15.01,都市：其他:商業區,10000,330,持分移轉,02160000
RPUNMLOKIIIGFAI08DA,湖子內段湖美小段,21.91,都市：其他:休閒專用區,28,2,持分移轉,05580000
RPUNMLOKIIIGFAI08DA,湖子內段湖美小段,77.07,都市：其他:第三種休閒專用區,1,1,全筆移轉,05580012
RPVOMLKLRHIGFAI78DA,盧厝段,12.00,都市：其他:住宅區,1,1,全筆移轉,02490061
RPPOMLPLIIIGFAI87DA,湖子內段新民小段,121.76,都市：其他:第三種休閒專用區,1,1,全筆移轉,04320001
RPTNMLTKIIIGFAI48DA,湖子內段湖美小段,21.91,都市：其他:休閒專用區,14,1,持分移轉,05580000
RPTNMLTKIIIGFAI48DA,湖子內段湖美小段,78.20,都市：其他:第三種休閒專用區,1,1,全筆移轉,05580006
RPUNMLNJJIIGFAI97DA,導明段,210.01,都市：其他:公園道用地,1,1,全筆移轉,11510000
RPUNMLNJJIIGFAI97DA,導明段,73.98,都市：其他:公園道用地,1,1,全筆移轉,11520000
RPPNMLRJJIIGFAI97EA,後庄段,1277.00,都市：其他:農業區,1,1,全筆移轉,11890000
RPWNMLQJJIIGFAI48DA,湖子內段新民小段,26.00,都市：其他:休閒專用區,36744,2600,持分移轉,04150019
RPWNMLQJJIIGFAI48DA,湖子內段新民小段,61.59,都市：其他:休閒專用區,1,1,全筆移轉,04150028
RPSNMLKKJIIGFAI57DA,下路頭段,23.60,都市：其他:住宅區,19040,236,持分移轉,04270077
RPTOMLQJRHIGFAI98DA,榮段二小段,70.00,都市：其他:住宅區,1,1,全筆移轉,00030109
RPTOMLQJRHIGFAI98DA,榮段二小段,68.00,都市：其他:住宅區,1,1,全筆移轉,00030125
RPTOMLQJRHIGFAI98DA,榮段二小段,11.00,都市：其他:住宅區,1,1,全筆移轉,00960001
RPTOMLQJRHIGFAI98DA,榮段二小段,11.00,都市：其他:住宅區,1,1,全筆移轉,00970000
RPSNMLSLRHIGFAI56DA,同興段,88.00,都市：其他:乙種工業區,1,1,全筆移轉,06260000
RPSNMLSLRHIGFAI56DA,同興段,24.00,,1,1,全筆移轉,06260002
RPRNMLPLIIIGFAI97DA,導明段,49.67,都市：其他:住宅區,1,1,全筆移轉,10470000
RPUNMLTKIIIGFAI58DA,湖子內段湖美小段,21.91,都市：其他:休閒專用區,28,2,持分移轉,05580000
RPUNMLTKIIIGFAI58DA,湖子內段湖美小段,77.08,都市：其他:第三種休閒專用區,1,1,全筆移轉,05580007
RPSOMLQJJIIGFAI18DA,湖子內段新民小段,86.50,都市：其他:休閒專用區,1,1,全筆移轉,04150037
RPQNMLTKRHIGFAI98DA,下路頭段,101.00,都市：其他:住宅區,1,1,全筆移轉,04270059
RPVNMLTJJIIGFAI68DA,湖子內段新民小段,98.43,都市：其他:休閒專用區,1,1,全筆移轉,04150030
RPVNMLPJRHIGFAI98DA,下路頭段,38.50,都市：其他:住宅區,8,2,持分移轉,02940000
RPTNMLTJJIIGFAI48DA,檜段三小段,509.00,都市：其他:住宅區,1,1,全筆移轉,00380002
RPUOMLNLIIIGFAI18DA,崇文段,123.49,都市：其他:住宅區,1,1,全筆移轉,07060000
RPTNMLLMIIIGFAI87DA,育人段,1968.59,都市：其他:農業區,1,1,全筆移轉,03120000
RPOOMLLLRHIGFAI18DA,永安段,33.36,都市：其他:住宅區,2,1,持分移轉,10670000
RPOOMLLLRHIGFAI18DA,永安段,123.97,都市：其他:住宅區,2,1,持分移轉,10680000
RPOOMLLLRHIGFAI18DA,永安段,36.80,都市：其他:住宅區,2,1,持分移轉,10690000
RPOOMLLLRHIGFAI18DA,永安段,112.00,都市：其他:住宅區,2,1,持分移轉,10700000
RPPOMLOKJIIGFAI77DA,劉厝段劉厝小段,79.00,都市：其他:住宅區,1,1,全筆移轉,02020010
RPPOMLOKJIIGFAI77DA,劉厝段劉厝小段,.04,都市：其他:住宅區,1000000,1059,持分移轉,02020014
RPROMLOKJIIGFAI97DA,劉厝段劉厝小段,79.00,都市：其他:住宅區,1,1,全筆移轉,02020004
RPROMLOKJIIGFAI97DA,劉厝段劉厝小段,.04,都市：其他:住宅區,1000000,1059,持分移轉,02020014
RPOOMLKLJIIGFAI37DA,劉厝段劉厝小段,79.00,都市：其他:住宅區,1,1,全筆移轉,02020008
RPOOMLKLJIIGFAI37DA,劉厝段劉厝小段,.04,都市：其他:住宅區,1000000,1059,持分移轉,02020014
RPUOMLPLIIIGFAI38DA,湖子內段新民小段,112.07,都市：其他:第三種休閒專用區,1,1,全筆移轉,04320008
RPVNMLLKRHIGFAI68DA,下路頭段,19.33,都市：其他:住宅區,12,1,持分移轉,00860027
RPVNMLLKRHIGFAI68DA,下路頭段,91.00,都市：其他:住宅區,1,1,全筆移轉,00860186
RPVNMLLKRHIGFAI68DA,下路頭段,.42,都市：其他:住宅區,12,1,持分移轉,00860191
RPVNMLLKRHIGFAI68DA,下路頭段,5.43,都市：其他:住宅區,7,1,持分移轉,00860192
RPPPMLPLIIIGFAI97DA,湖子內段新民小段,73.06,都市：其他:第三種休閒專用區,1,1,全筆移轉,04320005
RPROMLSJRHIGFAI98DA,湖子內段興安小段,94.12,都市：其他:住宅區,1,1,全筆移轉,02530002
RPUOMLOKIIIGFAI18DA,湖子內段湖美小段,21.91,都市：其他:休閒專用區,14,1,持分移轉,05580000
RPUOMLOKIIIGFAI18DA,湖子內段湖美小段,78.20,都市：其他:第三種休閒專用區,1,1,全筆移轉,05580013
RPUOMLMJQHIGFAI58DA,湖子內段興安小段,104.12,都市：其他:住宅區,1,1,全筆移轉,00690002
RPVOMLPLIIIGFAI48DA,湖子內段新民小段,106.68,都市：其他:第三種休閒專用區,1,1,全筆移轉,04320009
RPPOMLKMIIIGFAI47DA,湖子內段興安小段,41.19,都市：其他:住宅區,10000,581,持分移轉,00080006
RPTNMLOLJIIGFAI18DA,下埤段,51.39,都市：其他:農業區,1,1,全筆移轉,06320008
RPTNMLOLJIIGFAI18DA,下埤段,32.61,都市：其他:住宅區,1,1,全筆移轉,06360010
RPTNMLOLJIIGFAI18DA,下埤段,15.12,都市：其他:住宅區,80,4,持分移轉,06360015
RPTNMLOLJIIGFAI18DA,下埤段,.32,都市：其他:住宅區,80,4,持分移轉,06360024
RPRNMLOLJIIGFAI97DA,下埤段,15.12,都市：其他:住宅區,20,1,持分移轉,06360015
RPRNMLOLJIIGFAI97DA,下埤段,84.00,都市：其他:住宅區,1,1,全筆移轉,06360017
RPRNMLOLJIIGFAI97DA,下埤段,.32,都市：其他:住宅區,20,1,持分移轉,06360024
RPWNMLOKIIIGFAI28DA,湖子內段湖美小段,21.91,都市：其他:休閒專用區,14,1,持分移轉,05580000
RPWNMLOKIIIGFAI28DA,湖子內段湖美小段,75.74,都市：其他:第三種休閒專用區,1,1,全筆移轉,05580009
RPROMLOKIIIGFAI87DA,湖子內段湖美小段,21.91,都市：其他:休閒專用區,14,1,持分移轉,05580000
RPROMLOKIIIGFAI87DA,湖子內段湖美小段,75.09,都市：其他:第三種休閒專用區,1,1,全筆移轉,05580010
RPPOMLTKIIIGFAI18DA,湖子內段湖美小段,21.91,都市：其他:休閒專用區,14,1,持分移轉,05580000
RPPOMLTKIIIGFAI18DA,湖子內段湖美小段,79.90,都市：其他:第三種休閒專用區,1,1,全筆移轉,05580004
RPSOMLOKIIIGFAI97DA,湖子內段湖美小段,88.66,都市：其他:第三種休閒專用區,1,1,全筆移轉,05580017
RPQOMLPLIIIGFAI97DA,湖子內段新民小段,74.01,都市：其他:第三種休閒專用區,1,1,全筆移轉,04320003
RPWNMLPLIIIGFAI48DA,湖子內段新民小段,122.19,都市：其他:休閒專用區,1,1,全筆移轉,04320000
RPOPMLPLIIIGFAI87DA,湖子內段新民小段,109.30,都市：其他:第三種休閒專用區,1,1,全筆移轉,04320010
RPPOMLSJRHIGFAI78DA,湖子內段興安小段,97.52,都市：其他:住宅區,1,1,全筆移轉,02530000
RPXNMLOKIIIGFAI38DA,湖子內段湖美小段,91.22,都市：其他:第三種休閒專用區,1,1,全筆移轉,05580018
RPQOMLSJRHIGFAI88DA,湖子內段興安小段,94.14,都市：其他:住宅區,1,1,全筆移轉,02530001
RPQNMLOKIIIGFAI67DA,湖子內段湖美小段,21.91,都市：其他:休閒專用區,14,1,持分移轉,05580000
RPQNMLOKIIIGFAI67DA,湖子內段湖美小段,104.85,都市：其他:第三種休閒專用區,1,1,全筆移轉,05580003
RPOOMLPLIIIGFAI77DA,湖子內段新民小段,76.18,都市：其他:第三種休閒專用區,1,1,全筆移轉,04320002
RPQOMLOLJIIGFAI97DA,下埤段,15.12,都市：其他:住宅區,20,1,持分移轉,06360015
RPQOMLOLJIIGFAI97DA,下埤段,84.00,都市：其他:住宅區,1,1,全筆移轉,06360020
RPQOMLOLJIIGFAI97DA,下埤段,.32,都市：其他:住宅區,20,1,持分移轉,06360024
RPSOMLLJRHIGFAI38DA,竹村段,91.09,,1,1,全筆移轉,08390003
RPSOMLLJRHIGFAI38DA,竹村段,7.53,,4441,753,持分移轉,08390008
RPSOMLSJRHIGFAI09DA,湖子內段興安小段,97.47,都市：其他:住宅區,1,1,全筆移轉,02530003
RPSNMLOKIIIGFAI87DA,湖子內段湖美小段,21.91,都市：其他:休閒專用區,14,1,持分移轉,05580000
RPSNMLOKIIIGFAI87DA,湖子內段湖美小段,78.20,都市：其他:第三種休閒專用區,1,1,全筆移轉,05580005
RPSNMLRLOHIGFAI78DA,湖子內段新民小段,281.03,都市：其他:休閒專用區,1,1,全筆移轉,04180001
RPROMLPLIIIGFAI08DA,湖子內段新民小段,73.53,都市：其他:第三種休閒專用區,1,1,全筆移轉,04320004
RPTOMLPLIIIGFAI28DA,湖子內段新民小段,97.97,都市：其他:第三種休閒專用區,1,1,全筆移轉,04320007
RPOOMLQJRHIGFAI48DA,西門段四小段,62.00,都市：其他:商業區,1,1,全筆移轉,00150001
RPOOMLOKIIIGFAI57DA,湖子內段湖美小段,21.91,都市：其他:休閒專用區,14,1,持分移轉,05580000
RPOOMLOKIIIGFAI57DA,湖子內段湖美小段,71.30,都市：其他:第三種休閒專用區,1,1,全筆移轉,05580008
RPWNMLTKIIIGFAI78DA,湖子內段湖美小段,21.91,都市：其他:休閒專用區,14,1,持分移轉,05580000
RPWNMLTKIIIGFAI78DA,湖子內段湖美小段,78.20,都市：其他:第三種休閒專用區,1,1,全筆移轉,05580014
RPPNMLPLIIIGFAI87EA,下埤段,30.24,都市：其他:住宅區,20,2,持分移轉,06360015
RPPNMLPLIIIGFAI87EA,下埤段,168.00,都市：其他:住宅區,1,1,全筆移轉,06360019
RPUPMLSKNHIGFAI09DA,劉厝段玉山小段,98.53,都市：其他:住宅區,1,1,全筆移轉,03500054
RPPNMLPLIIIGFAI87EA,下埤段,.65,都市：其他:住宅區,20,2,持分移轉,06360024
RPWNMLNLJIIGFAI38DA,湖子內段興安小段,87.60,都市：其他:住宅區,1,1,全筆移轉,00170007
RPWNMLOJKIIGFAI38DA,湖子內段興安小段,81.35,都市：其他:住宅區,1,1,全筆移轉,00170006
RPWNMLPJRHIGFAI09DA,竹村段,89.98,,1,1,全筆移轉,08390001
RPWNMLPJRHIGFAI09DA,竹村段,7.45,,4441,745,持分移轉,08390008
RPXNMLPJRHIGFAI56DA,竹村段,91.03,,1,1,全筆移轉,08390002
RPXNMLPJRHIGFAI56DA,竹村段,7.53,,4441,753,持分移轉,08390008
RPOOMLPJRHIGFAI38DA,竹村段,91.14,,1,1,全筆移轉,08390004
RPOOMLPJRHIGFAI38DA,竹村段,7.54,,4441,754,持分移轉,08390008
RPUNMLPJRHIGFAI88DA,下路頭段,38.50,都市：其他:住宅區,4,1,持分移轉,02940000
RPSNMLNLJIIGFAI97DA,湖子內段興安小段,81.35,都市：其他:住宅區,1,1,全筆移轉,00170003
RPTNMLNLJIIGFAI08DA,湖子內段興安小段,81.35,都市：其他:住宅區,1,1,全筆移轉,00170004
RPPOMLOKIIIGFAI67DA,湖子內段湖美小段,21.91,都市：其他:休閒專用區,14,1,持分移轉,05580000
RPPOMLOKIIIGFAI67DA,湖子內段湖美小段,71.30,都市：其他:第三種休閒專用區,1,1,全筆移轉,05580011
RPQOMLOKIIIGFAI77DA,湖子內段湖美小段,91.22,都市：其他:第三種休閒專用區,1,1,全筆移轉,05580001
RPRNMLNLJIIGFAI87DA,湖子內段興安小段,81.35,都市：其他:住宅區,1,1,全筆移轉,00170002
RPTOMLOKIIIGFAI08DA,湖子內段湖美小段,21.91,都市：其他:休閒專用區,14,1,持分移轉,05580000
RPTOMLOKIIIGFAI08DA,湖子內段湖美小段,79.90,都市：其他:第三種休閒專用區,1,1,全筆移轉,05580015
RPVNMLNLJIIGFAI28DA,湖子內段興安小段,81.35,都市：其他:住宅區,1,1,全筆移轉,00170005
RPQNMLNLJIIGFAI77DA,湖子內段興安小段,81.35,都市：其他:住宅區,1,1,全筆移轉,00170001
RPVNMLOKIIIGFAI18DA,湖子內段湖美小段,21.91,都市：其他:休閒專用區,28,2,持分移轉,05580000
RPVNMLOKIIIGFAI18DA,湖子內段湖美小段,104.86,都市：其他:第三種休閒專用區,1,1,全筆移轉,05580016
RPOOMLNLIIIGFAI57DA,湖子內段興安小段,105.26,都市：其他:住宅區,1,1,全筆移轉,02630003
RPQOMLNLIIIGFAI77DA,湖子內段興安小段,88.40,都市：其他:住宅區,1,1,全筆移轉,02630001
RPPOMLNLIIIGFAI67DA,湖子內段興安小段,103.11,都市：其他:住宅區,1,1,全筆移轉,02630002
RPPNMLQJJIIGFAI77DA,湖子內段新民小段,26.50,都市：其他:休閒專用區,36744,2650,持分移轉,04150019
RPPNMLQJJIIGFAI77DA,湖子內段新民小段,76.62,都市：其他:休閒專用區,1,1,全筆移轉,04150020
RPQNMLQJJIIGFAI87DA,湖子內段新民小段,26.50,都市：其他:休閒專用區,36744,2650,持分移轉,04150019
RPQNMLQJJIIGFAI87DA,湖子內段新民小段,59.51,都市：其他:休閒專用區,1,1,全筆移轉,04150023
RPTOMLQJJIIGFAI28DA,湖子內段新民小段,88.47,都市：其他:休閒專用區,1,1,全筆移轉,04150036
RPTNMLQJJIIGFAI18DA,湖子內段新民小段,26.00,都市：其他:休閒專用區,36744,2600,持分移轉,04150019
RPTNMLQJJIIGFAI18DA,湖子內段新民小段,59.95,都市：其他:休閒專用區,1,1,全筆移轉,04150027
RPWNMLLKRHIGFAI78DA,下路頭段,19.33,都市：其他:住宅區,12,1,持分移轉,00860027
RPWNMLLKRHIGFAI78DA,下路頭段,.42,都市：其他:住宅區,12,1,持分移轉,00860191
RPWNMLLKRHIGFAI78DA,下路頭段,86.00,都市：其他:住宅區,1,1,全筆移轉,00860194
RPQNMLTLQHIGFAI98DA,竹圍子段一小段,17.94,都市：其他:住宅區,10000,99,持分移轉,01380000
RPSNMLOLJIIGFAI08DA,下埤段,53.40,都市：其他:農業區,1,1,全筆移轉,06320002
RPSNMLOLJIIGFAI08DA,下埤段,30.60,都市：其他:住宅區,1,1,全筆移轉,06360004
RPSNMLOLJIIGFAI08DA,下埤段,15.12,都市：其他:住宅區,20,1,持分移轉,06360015
RPSNMLOLJIIGFAI08DA,下埤段,.32,都市：其他:住宅區,20,1,持分移轉,06360024
RPROMLNLIIIGFAI87DA,湖子內段興安小段,90.39,都市：其他:住宅區,1,1,全筆移轉,02630000
RPUOMLKMIIIGFAI97DA,湖子內段興安小段,41.19,都市：其他:第一種住宅區,10000,581,持分移轉,00080006
RPROMLTKIIIGFAI38DA,湖子內段新民小段,103.34,都市：其他:住宅區,1,1,全筆移轉,00720006
RPWNMLOLJIIGFAI48DA,下埤段,52.39,都市：其他:農業區,1,1,全筆移轉,06320005
RPWNMLOLJIIGFAI48DA,下埤段,31.61,都市：其他:住宅區,1,1,全筆移轉,06360007
RPWNMLOLJIIGFAI48DA,下埤段,15.12,都市：其他:住宅區,20,1,持分移轉,06360015
RPWNMLOLJIIGFAI48DA,下埤段,.32,都市：其他:住宅區,20,1,持分移轉,06360024
RPSNMLNLQHIGFAI58DA,盧東段,6.96,,3500000,50000,持分移轉,02200002
RPSNMLNLQHIGFAI58DA,盧東段,3.18,,35000,450,持分移轉,03050000
RPSNMLNLQHIGFAI58DA,盧東段,84.00,都市：其他:住宅區,1,1,全筆移轉,03060013
RPSNMLNLQHIGFAI58DA,盧東段,.13,,56,1,持分移轉,03060025
RPSNMLNLQHIGFAI58DA,盧東段,.10,都市：其他:住宅區,56,1,持分移轉,03060028
RPSNMLNLQHIGFAI58DA,盧東段,.39,都市：其他:住宅區,56,1,持分移轉,03060029
RPSNMLNLQHIGFAI58DA,盧東段,4.01,,35000,200,持分移轉,03690001
RPWOMLTKIIIGFAI88DA,湖子內段新民小段,103.91,都市：其他:住宅區,1,1,全筆移轉,00720000
RPWOMLTKIIIGFAI88DA,湖子內段新民小段,113.81,都市：其他:住宅區,1,1,全筆移轉,00720001
RPSOMLTKIIIGFAI48DA,湖子內段新民小段,103.69,都市：其他:住宅區,1,1,全筆移轉,00720003
RPPPMLTKIIIGFAI28DA,湖子內段新民小段,102.39,都市：其他:住宅區,1,1,全筆移轉,00720004
RPUNMLKMIIIGFAI87DA,湖子內段興安小段,91.55,都市：其他:住宅區,1,1,全筆移轉,00080002
RPWOMLKMIIIGFAI18DA,湖子內段興安小段,41.90,都市：其他:住宅區,20000,1182,持分移轉,00080006
RPVOMLKMIIIGFAI08DA,湖子內段興安小段,27.65,都市：其他:第一種住宅區,10000,390,持分移轉,00080006
RPSOMLRJJIIGFAI28DA,湖子內段新民小段,104.98,都市：其他:住宅區,1,1,全筆移轉,00720002
RPWNMLNJIIIGFAI08DA,湖子內段新民小段,101.10,都市：其他:住宅區,1,1,全筆移轉,00720005
RPPNMLOLJIIGFAI77DA,下埤段,15.12,都市：其他:住宅區,20,1,持分移轉,06360015
RPPNMLOLJIIGFAI77DA,下埤段,84.00,都市：其他:住宅區,1,1,全筆移轉,06360021
RPQOMLKLRHIGFAI28DA,興村段,104.00,都市：其他:住宅區,1,1,全筆移轉,01300009
RPPNMLOLJIIGFAI77DA,下埤段,.32,都市：其他:住宅區,20,1,持分移轉,06360024
RPQOMLLJJIIGFAI47DA,湖子內段湖美小段,74.93,都市：其他:住宅區,1,1,全筆移轉,01570007
RPTNMLLJKIIGFAI77DA,湖子內段湖美小段,92.50,都市：其他:第一種休閒專用區,1,1,全筆移轉,05070011
RPPNMLOJKIIGFAI77EA,湖子內段湖美小段,84.05,都市：其他:住宅區,1,1,全筆移轉,03160003
RPPOMLOJKIIGFAI77DA,湖子內段湖美小段,92.49,都市：其他:第一種休閒專用區,1,1,全筆移轉,05070010
RPSNMLKMIIIGFAI67DA,湖子內段興安小段,95.66,都市：其他:住宅區,1,1,全筆移轉,00080000
RPROMLKLRHIGFAI38DA,興村段,131.00,都市：其他:住宅區,1,1,全筆移轉,01300008
RPTNMLKMIIIGFAI77DA,湖子內段興安小段,92.26,都市：其他:住宅區,1,1,全筆移轉,00080001
RPWNMLKMIIIGFAI08DA,湖子內段興安小段,37.29,都市：其他:住宅區,10000,526,持分移轉,00080006
RPPOMLLJJIIGFAI37DA,湖子內段湖美小段,86.76,都市：其他:住宅區,1,1,全筆移轉,01570006
RPTOMLKMIIIGFAI87DA,湖子內段興安小段,25.67,都市：其他:第一種住宅區,10000,362,持分移轉,00080006
RPPOMLQJJIIGFAI87DA,湖子內段新民小段,100.73,都市：其他:休閒專用區,1,1,全筆移轉,04150040
RPXNMLPKJIIGFAI58DA,湖子內段湖美小段,87.66,都市：其他:住宅區,1,1,全筆移轉,01570001
RPROMLPKJIIGFAI08DA,湖子內段湖美小段,87.25,都市：其他:住宅區,1,1,全筆移轉,01570004
RPQNMLOLJIIGFAI87DA,下埤段,15.12,都市：其他:住宅區,20,1,持分移轉,06360015
RPQNMLOLJIIGFAI87DA,下埤段,84.00,都市：其他:住宅區,1,1,全筆移轉,06360022
RPQNMLOLJIIGFAI87DA,下埤段,.32,都市：其他:住宅區,20,1,持分移轉,06360024
RPROMLOLJIIGFAI08DA,下埤段,15.12,都市：其他:住宅區,40,2,持分移轉,06360015
RPROMLOLJIIGFAI08DA,下埤段,112.53,都市：其他:住宅區,1,1,全筆移轉,06360023
RPROMLOLJIIGFAI08DA,下埤段,.32,都市：其他:住宅區,40,2,持分移轉,06360024
RPRNMLPKQHIGFAI58DA,湖子內段新民小段,117.91,都市：其他:第三種休閒專用區,1,1,全筆移轉,04200013
RPWNMLLJJIIGFAI97DA,湖子內段湖美小段,87.09,都市：其他:住宅區,1,1,全筆移轉,01570000
RPVPMLOLIIIGFAI48DA,湖子內段湖美小段,92.85,都市：其他:休閒專用區,1,1,全筆移轉,05160015
RPPPMLOLIIIGFAI87DA,湖子內段湖美小段,101.14,都市：其他:休閒專用區,1,1,全筆移轉,05160022
RPSPMLOLIIIGFAI18DA,湖子內段湖美小段,93.48,都市：其他:休閒專用區,1,1,全筆移轉,05160017
RPPQMLOLIIIGFAI97DA,湖子內段湖美小段,91.90,都市：其他:休閒專用區,1,1,全筆移轉,05160012
RPXNMLLJJIIGFAI08DA,湖子內段湖美小段,86.36,都市：其他:住宅區,1,1,全筆移轉,01570005
RPWOMLNLJIIGFAI48DA,下埤段,51.05,都市：其他:農業區,1,1,全筆移轉,06320009
RPWOMLNLJIIGFAI48DA,下埤段,32.95,都市：其他:住宅區,1,1,全筆移轉,06360011
RPWOMLNLJIIGFAI48DA,下埤段,15.12,都市：其他:住宅區,20,1,持分移轉,06360015
RPWOMLNLJIIGFAI48DA,下埤段,.32,都市：其他:住宅區,20,1,持分移轉,06360024
RPTNMLLLJIIGFAI87DA,湖子內段湖美小段,21.33,都市：其他:第一種休閒專用區,32,2,持分移轉,05070014
RPTNMLLLJIIGFAI87DA,湖子內段湖美小段,94.01,都市：其他:第一種休閒專用區,1,1,全筆移轉,05070022
RPQPMLNLJIIGFAI97DA,下埤段,31.94,都市：其他:住宅區,1,1,全筆移轉,06360008
RPQPMLNLJIIGFAI97DA,下埤段,15.12,都市：其他:住宅區,20,1,持分移轉,06360015
RPQPMLNLJIIGFAI97DA,下埤段,.32,都市：其他:住宅區,20,1,持分移轉,06360024
RPQPMLNLJIIGFAI97DA,下埤段,52.06,都市：其他:農業區,1,1,全筆移轉,06320006
RPQNMLLJKIIGFAI57EA,湖子內段湖美小段,88.30,都市：其他:住宅區,1,1,全筆移轉,03160004
RPSPMLNLJIIGFAI18DA,下埤段,52.73,都市：其他:農業區,1,1,全筆移轉,06320004
RPSPMLNLJIIGFAI18DA,下埤段,31.27,都市：其他:住宅區,1,1,全筆移轉,06360006
RPSPMLNLJIIGFAI18DA,下埤段,15.12,都市：其他:住宅區,20,1,持分移轉,06360015
RPSPMLNLJIIGFAI18DA,下埤段,.32,都市：其他:住宅區,20,1,持分移轉,06360024
RPPOMLNKIIIGFAI57DA,湖子內段湖美小段,94.11,都市：其他:休閒專用區,1,1,全筆移轉,05160019
RPTPMLOLIIIGFAI28DA,湖子內段湖美小段,93.16,都市：其他:休閒專用區,1,1,全筆移轉,05160016
RPVNMLTKRHIGFAI86DA,湖子內段湖美小段,39.35,都市：其他:住宅區,10000,271,持分移轉,00070000
RPUOMLOLIIIGFAI28DA,下埤段,53.07,都市：其他:農業區,1,1,全筆移轉,06320003
RPUOMLOLIIIGFAI28DA,下埤段,30.93,都市：其他:住宅區,1,1,全筆移轉,06360005
RPSNMLQJJIIGFAI08DA,湖子內段新民小段,26.00,都市：其他:休閒專用區,36744,2600,持分移轉,04150019
RPUOMLOLIIIGFAI28DA,下埤段,15.12,都市：其他:住宅區,20,1,持分移轉,06360015
RPUOMLOLIIIGFAI28DA,下埤段,.32,都市：其他:住宅區,20,1,持分移轉,06360024
RPSNMLQJJIIGFAI08DA,湖子內段新民小段,59.95,都市：其他:休閒專用區,1,1,全筆移轉,04150025
RPRNMLLLJIIGFAI77EA,湖子內段湖美小段,84.17,都市：其他:第二種住宅區,1,1,全筆移轉,03160002
RPROMLLJKIIGFAI67DA,湖子內段湖美小段,93.38,都市：其他:第一種休閒專用區,1,1,全筆移轉,05070005
RPROMLLJKIIGFAI67DA,湖子內段湖美小段,21.33,都市：其他:第一種休閒專用區,16,1,持分移轉,05070014
RPVNMLLJKIIGFAI97DA,湖子內段湖美小段,21.33,都市：其他:第一種休閒專用區,16,1,持分移轉,05070014
RPVNMLLJKIIGFAI97DA,湖子內段湖美小段,93.41,都市：其他:第一種休閒專用區,1,1,全筆移轉,05070023
RPUNMLLJKIIGFAI87DA,湖子內段湖美小段,21.33,都市：其他:第一種休閒專用區,16,1,持分移轉,05070014
RPUNMLLJKIIGFAI87DA,湖子內段湖美小段,94.01,都市：其他:第一種休閒專用區,1,1,全筆移轉,05070020
RPQOMLLJKIIGFAI57DA,湖子內段湖美小段,93.99,都市：其他:第一種休閒專用區,1,1,全筆移轉,05070006
RPQOMLLJKIIGFAI57DA,湖子內段湖美小段,21.33,都市：其他:第一種休閒專用區,16,1,持分移轉,05070014
RPPOMLKLRHIGFAI18DA,興村段,106.00,都市：其他:住宅區,1,1,全筆移轉,01300010
RPRPMLOLIIIGFAI08DA,湖子內段湖美小段,93.80,都市：其他:休閒專用區,1,1,全筆移轉,05160018
RPOOMLOKJIIGFAI67DA,劉厝段劉厝小段,77.00,都市：其他:住宅區,1,1,全筆移轉,02020012
RPOOMLOKJIIGFAI67DA,劉厝段劉厝小段,4.34,都市：其他:住宅區,1000000,111282,持分移轉,02020014
RPPOMLPJRHIGFAI48DA,竹村段,85.07,,1,1,全筆移轉,08390005
RPPOMLPJRHIGFAI48DA,竹村段,9.60,,1960,960,持分移轉,08390007
RPPOMLPJRHIGFAI48DA,竹村段,7.05,,8882,1410,持分移轉,08390008
RPRNMLSJRHIGFAI88DA,劉厝段玉山小段,153.32,都市：其他:住宅區,1,1,全筆移轉,01660004
RPXNMLLKRHIGFAI88DA,下路頭段,19.33,都市：其他:住宅區,12,1,持分移轉,00860027
RPXNMLLKRHIGFAI88DA,下路頭段,98.00,都市：其他:住宅區,1,1,全筆移轉,00860189
RPXNMLLKRHIGFAI88DA,下路頭段,.42,都市：其他:住宅區,12,1,持分移轉,00860191
RPXNMLLKRHIGFAI88DA,下路頭段,5.43,都市：其他:住宅區,7,1,持分移轉,00860192
RPQNMLMLIIIGFAI57DA,湖子內段新民小段,26.00,都市：其他:休閒專用區,36744,2600,持分移轉,04150019
RPQNMLMLIIIGFAI57DA,湖子內段新民小段,59.95,都市：其他:休閒專用區,1,1,全筆移轉,04150026
RPWPMLOLIIIGFAI58DA,湖子內段湖美小段,92.53,都市：其他:休閒專用區,1,1,全筆移轉,05160014
RPVNMLRLRHIGFAI76DA,下路頭段,19.33,都市：其他:住宅區,36,3,持分移轉,00860027
RPVNMLRLRHIGFAI76DA,下路頭段,113.00,都市：其他:住宅區,1,1,全筆移轉,00860190
RPVNMLRLRHIGFAI76DA,下路頭段,.42,都市：其他:住宅區,36,3,持分移轉,00860191
RPVNMLRLRHIGFAI76DA,下路頭段,5.43,都市：其他:住宅區,21,3,持分移轉,00860192
RPQOMLOKJIIGFAI87DA,劉厝段劉厝小段,79.00,都市：其他:住宅區,1,1,全筆移轉,02020007
RPQOMLOKJIIGFAI87DA,劉厝段劉厝小段,.04,都市：其他:住宅區,1000000,1059,持分移轉,02020014
RPPOMLSLJIIGFAI28DA,劉厝段劉厝小段,79.00,都市：其他:住宅區,1,1,全筆移轉,02020005
RPPOMLSLJIIGFAI28DA,劉厝段劉厝小段,.04,都市：其他:住宅區,1000000,1059,持分移轉,02020014
RPPOMLLJKIIGFAI47DA,湖子內段湖美小段,93.99,都市：其他:第一種休閒專用區,1,1,全筆移轉,05070007
RPPOMLLJKIIGFAI47DA,湖子內段湖美小段,21.33,都市：其他:第一種休閒專用區,16,1,持分移轉,05070014
RPOOMLKLRHIGFAI08DA,興村段,122.00,都市：其他:住宅區,1,1,全筆移轉,01300011
RPQQMLOLIIIGFAI08DA,湖子內段湖美小段,91.58,都市：其他:休閒專用區,1,1,全筆移轉,05160011
RPUOMLQJJIIGFAI38DA,湖子內段新民小段,86.98,都市：其他:休閒專用區,1,1,全筆移轉,04150035
RPXPMLOLIIIGFAI68DA,湖子內段湖美小段,92.21,都市：其他:休閒專用區,1,1,全筆移轉,05160013
RPQRMLOLIIIGFAI18DA,湖子內段湖美小段,123.49,都市：其他:休閒專用區,1,1,全筆移轉,05160026
RPQRMLOLIIIGFAI18DA,湖子內段湖美小段,28.37,都市：其他:休閒專用區,36,1,持分移轉,05160027
RPRNMLLJKIIGFAI57DA,湖子內段湖美小段,92.51,都市：其他:第一種休閒專用區,1,1,全筆移轉,05070018
RPSOMLLJKIIGFAI77DA,湖子內段湖美小段,87.01,都市：其他:第一種休閒專用區,1,1,全筆移轉,05070004
RPSOMLLJKIIGFAI77DA,湖子內段湖美小段,21.33,都市：其他:第一種休閒專用區,16,1,持分移轉,05070014
RPSNMLLJKIIGFAI67DA,湖子內段湖美小段,92.50,都市：其他:第一種休閒專用區,1,1,全筆移轉,05070013
RPSNMLLJKIIGFAI67DA,湖子內段湖美小段,21.33,都市：其他:第一種休閒專用區,16,1,持分移轉,05070014
RPXNMLLJKIIGFAI18DA,湖子內段湖美小段,21.33,都市：其他:第一種休閒專用區,16,1,持分移轉,05070014
RPXNMLLJKIIGFAI18DA,湖子內段湖美小段,86.98,都市：其他:第一種休閒專用區,1,1,全筆移轉,05070025
RPTOMLLJKIIGFAI87DA,湖子內段湖美小段,86.95,都市：其他:休閒專用區,1,1,全筆移轉,05070000
RPTOMLLJKIIGFAI87DA,湖子內段湖美小段,21.33,都市：其他:第一種休閒專用區,16,1,持分移轉,05070014
RPPOMLKMQHIGFAI18DA,竹圍子段二小段,107.00,都市：其他:住宅區,1,1,全筆移轉,01810013
RPPOMLKMQHIGFAI18DA,竹圍子段二小段,.25,都市：其他:住宅區,10000,625,持分移轉,01810016
RPPOMLKMQHIGFAI18DA,竹圍子段二小段,5.94,都市：其他:住宅區,10000,625,持分移轉,01810017
RPQPMLLJRHIGFAI28DA,竹圍子段二小段,107.00,都市：其他:住宅區,1,1,全筆移轉,01810014
RPQPMLLJRHIGFAI28DA,竹圍子段二小段,.25,都市：其他:住宅區,30000,1875,持分移轉,01810016
RPQPMLLJRHIGFAI28DA,竹圍子段二小段,5.94,都市：其他:住宅區,30000,1875,持分移轉,01810017
RPQOMLKMQHIGFAI28DA,竹圍子段二小段,111.00,都市：其他:住宅區,1,1,全筆移轉,01810015
RPQOMLKMQHIGFAI28DA,竹圍子段二小段,.25,都市：其他:住宅區,10000,625,持分移轉,01810016
RPQOMLKMQHIGFAI28DA,竹圍子段二小段,5.94,都市：其他:住宅區,10000,625,持分移轉,01810017
RPUOMLPJRHIGFAI98DA,竹圍子段二小段,100.00,都市：其他:住宅區,1,1,全筆移轉,01810004
RPUOMLPJRHIGFAI98DA,竹圍子段二小段,.25,都市：其他:住宅區,10000,625,持分移轉,01810016
RPUOMLPJRHIGFAI98DA,竹圍子段二小段,5.94,都市：其他:住宅區,10000,625,持分移轉,01810017
RPSNMLNKRHIGFAI58DA,竹圍子段二小段,100.00,都市：其他:住宅區,1,1,全筆移轉,01810003
RPSNMLNKRHIGFAI58DA,竹圍子段二小段,.25,都市：其他:住宅區,10000,625,持分移轉,01810016
RPSNMLNKRHIGFAI58DA,竹圍子段二小段,5.94,都市：其他:住宅區,10000,625,持分移轉,01810017
RPQOMLNJIIIGFAI57DA,湖子內段湖美小段,94.43,都市：其他:休閒專用區,1,1,全筆移轉,05160020
RPROMLNJIIIGFAI67DA,竹圍子段二小段,8.04,都市：其他:住宅區,10000,493,持分移轉,01810008
RPROMLNJIIIGFAI67DA,竹圍子段二小段,.02,都市：其他:住宅區,10000,54,持分移轉,01810016
RPROMLNJIIIGFAI67DA,竹圍子段二小段,.51,都市：其他:住宅區,10000,54,持分移轉,01810017
RPSOMLNJIIIGFAI77DA,竹圍子段二小段,8.80,都市：其他:住宅區,10000,540,持分移轉,01810008
RPSOMLNJIIIGFAI77DA,竹圍子段二小段,.02,都市：其他:住宅區,10000,59,持分移轉,01810016
RPSOMLNJIIIGFAI77DA,竹圍子段二小段,.56,都市：其他:住宅區,10000,59,持分移轉,01810017
RPUOMLNJIIIGFAI97DA,竹圍子段二小段,25.62,都市：其他:住宅區,10000,1572,持分移轉,01810008
RPUOMLNJIIIGFAI97DA,竹圍子段二小段,.07,都市：其他:住宅區,10000,172,持分移轉,01810016
RPUOMLNJIIIGFAI97DA,竹圍子段二小段,1.63,都市：其他:住宅區,10000,172,持分移轉,01810017
RPTOMLNJIIIGFAI87DA,竹圍子段二小段,8.79,都市：其他:住宅區,10000,539,持分移轉,01810008
RPTOMLNJIIIGFAI87DA,竹圍子段二小段,.02,都市：其他:住宅區,10000,59,持分移轉,01810016
RPTOMLNJIIIGFAI87DA,竹圍子段二小段,.56,都市：其他:住宅區,10000,59,持分移轉,01810017
RPWOMLMJQHIGFAI78DA,湖子內段興安小段,104.12,都市：其他:住宅區,1,1,全筆移轉,00690004
RPRQMLOLIIIGFAI18DA,湖子內段湖美小段,91.26,都市：其他:休閒專用區,1,1,全筆移轉,05160010
RPUOMLMJJIIGFAI97DA,竹圍子段二小段,100.00,都市：其他:住宅區,1,1,全筆移轉,01810005
RPUOMLMJJIIGFAI97DA,竹圍子段二小段,.25,都市：其他:住宅區,10000,625,持分移轉,01810016
RPUOMLMJJIIGFAI97DA,竹圍子段二小段,5.94,都市：其他:住宅區,10000,625,持分移轉,01810017
RPOOMLQJJIIGFAI77DA,湖子內段新民小段,213.82,都市：其他:休閒專用區,1,1,全筆移轉,04150031
RPWNMLLJKIIGFAI08DA,湖子內段湖美小段,21.33,都市：其他:第一種休閒專用區,16,1,持分移轉,05070014
RPWNMLLJKIIGFAI08DA,湖子內段湖美小段,87.05,都市：其他:第一種休閒專用區,1,1,全筆移轉,05070024
RPXOMLMJQHIGFAI88DA,湖子內段興安小段,104.12,都市：其他:住宅區,1,1,全筆移轉,00690001
RPSQMLOLIIIGFAI28DA,湖子內段湖美小段,90.95,都市：其他:休閒專用區,1,1,全筆移轉,05160009
RPTQMLOLIIIGFAI38DA,湖子內段湖美小段,90.63,都市：其他:休閒專用區,1,1,全筆移轉,05160008
RPUQMLOLIIIGFAI48DA,湖子內段湖美小段,90.31,都市：其他:休閒專用區,1,1,全筆移轉,05160007
RPRNMLQJJIIGFAI97DA,湖子內段新民小段,26.00,都市：其他:休閒專用區,36744,2600,持分移轉,04150019
RPRNMLQJJIIGFAI97DA,湖子內段新民小段,59.95,都市：其他:休閒專用區,1,1,全筆移轉,04150024
RPVNMLQJJIIGFAI38DA,湖子內段新民小段,.72,都市：其他:休閒專用區,36744,72,持分移轉,04150019
RPVNMLQJJIIGFAI38DA,湖子內段新民小段,96.98,都市：其他:休閒專用區,1,1,全筆移轉,04150029
RPOOMLLJRHIGFAI97DA,竹村段,119.19,都市：其他:住宅區,1,1,全筆移轉,08390000
RPWOMLOLIIIGFAI48DA,湖子內段湖美小段,209.62,都市：其他:休閒專用區,1,1,全筆移轉,05160024
RPXOMLOLIIIGFAI58DA,湖子內段湖美小段,101.50,都市：其他:休閒專用區,1,1,全筆移轉,05160023
RPQPMLOLIIIGFAI97DA,湖子內段湖美小段,94.75,都市：其他:休閒專用區,1,1,全筆移轉,05160021
RPVQMLOLIIIGFAI58DA,湖子內段湖美小段,90.00,都市：其他:休閒專用區,1,1,全筆移轉,05160006
RPWQMLOLIIIGFAI68DA,湖子內段湖美小段,89.68,都市：其他:休閒專用區,1,1,全筆移轉,05160005
RPVOMLNJIIIGFAI08DA,竹圍子段二小段,25.62,都市：其他:住宅區,10000,1572,持分移轉,01810008
RPVOMLNJIIIGFAI08DA,竹圍子段二小段,.07,都市：其他:住宅區,10000,172,持分移轉,01810016
RPVOMLNJIIIGFAI08DA,竹圍子段二小段,1.63,都市：其他:住宅區,10000,172,持分移轉,01810017
RPRPMLSLQHIGFAI56DA,竹圍子段二小段,110.00,都市：其他:住宅區,1,1,全筆移轉,01810012
RPRPMLSLQHIGFAI56DA,竹圍子段二小段,.25,都市：其他:住宅區,10000,625,持分移轉,01810016
RPRPMLSLQHIGFAI56DA,竹圍子段二小段,5.94,都市：其他:住宅區,10000,625,持分移轉,01810017
RPPNMLTJQHIGFAI68DA,車店段車店小段,30.69,都市：其他:住宅區,100000,680,持分移轉,01220000
RPXQMLOLIIIGFAI78DA,湖子內段湖美小段,89.36,都市：其他:休閒專用區,1,1,全筆移轉,05160004
RPORMLOLIIIGFAI97DA,湖子內段湖美小段,89.05,都市：其他:休閒專用區,1,1,全筆移轉,05160003
RPPRMLOLIIIGFAI08DA,湖子內段湖美小段,123.10,都市：其他:休閒專用區,1,1,全筆移轉,05160025
RPTNMLQLIIIGFAI28DA,湖子內段湖美小段,94.02,都市：其他:休閒專用區,1,1,全筆移轉,05160001
RPTNMLQLIIIGFAI28DA,湖子內段湖美小段,94.38,都市：其他:休閒專用區,1,1,全筆移轉,05160002
RPROMLQJJIIGFAI08DA,湖子內段新民小段,90.84,都市：其他:休閒專用區,1,1,全筆移轉,04150038
RPWOMLQJJIIGFAI58DA,湖子內段新民小段,90.55,都市：其他:休閒專用區,1,1,全筆移轉,04150032
RPWOMLQJJIIGFAI58DA,湖子內段新民小段,88.80,都市：其他:休閒專用區,1,1,全筆移轉,04150033
RPQOMLQJJIIGFAI97DA,湖子內段新民小段,88.56,都市：其他:休閒專用區,1,1,全筆移轉,04150039
RPPNMLRLRHIGFAI88EA,湖子內段湖美小段,86.31,都市：其他:住宅區,1,1,全筆移轉,01600005
RPVOMLQJJIIGFAI48DA,湖子內段新民小段,87.05,都市：其他:休閒專用區,1,1,全筆移轉,04150034
RPVNMLOKJIIGFAI28DA,劉厝段劉厝小段,17.33,都市：其他:住宅區,1000000,444359,持分移轉,02020014
RPVNMLOKJIIGFAI28DA,劉厝段劉厝小段,106.00,都市：其他:住宅區,1,1,全筆移轉,02020015
RPPOMLMKIIIGFAI47DA,湖子內段湖美小段,37.76,都市：其他:住宅區,10000,260,持分移轉,00070000
RPRNMLTKRHIGFAI09DA,湖子內段湖美小段,37.76,都市：其他:住宅區,10000,260,持分移轉,00070000
RPSNMLTKRHIGFAI56DA,湖子內段湖美小段,38.34,都市：其他:住宅區,10000,264,持分移轉,00070000
RPUNMLTKRHIGFAI76DA,湖子內段湖美小段,38.63,都市：其他:住宅區,10000,266,持分移轉,00070000
RPVNMLSKIIIGFAI58DA,盧東段,6.96,都市：其他:道路用地,35000,500,持分移轉,02200002
RPVNMLSKIIIGFAI58DA,盧東段,3.18,都市：其他:道路用地,35000,450,持分移轉,03050000
RPVNMLSKIIIGFAI58DA,盧東段,20.00,都市：其他:住宅區,138,20,持分移轉,03060020
RPVNMLSKIIIGFAI58DA,盧東段,85.20,都市：其他:住宅區,1,1,全筆移轉,03060021
RPVNMLSKIIIGFAI58DA,盧東段,.13,都市：其他:住宅區,56,1,持分移轉,03060025
RPVNMLSKIIIGFAI58DA,盧東段,.10,都市：其他:住宅區,56,1,持分移轉,03060028
RPVNMLSKIIIGFAI58DA,盧東段,.39,都市：其他:住宅區,56,1,持分移轉,03060029
RPVNMLSKIIIGFAI58DA,盧東段,4.01,都市：其他:道路用地,35000,200,持分移轉,03690001
RPTPMLKMIIIGFAI97DA,湖子內段興安小段,25.24,都市：其他:第一種住宅區,10000,356,持分移轉,00080006
RPVPMLKMIIIGFAI18DA,湖子內段興安小段,41.19,都市：其他:第一種住宅區,10000,581,持分移轉,00080006
RPUPMLKMIIIGFAI08DA,湖子內段興安小段,25.67,都市：其他:第一種住宅區,10000,362,持分移轉,00080006
RPPNMLRLJIIGFAI08DA,下埤段,15.12,都市：其他:住宅區,20,1,持分移轉,06360015
RPPNMLRLJIIGFAI08DA,下埤段,90.53,都市：其他:住宅區,1,1,全筆移轉,06360016
RPPNMLRLJIIGFAI08DA,下埤段,.32,都市：其他:住宅區,20,1,持分移轉,06360024
